isolates	permutation	combo	core_genes	Group	tag
1	0	0	7647	excl_1459	5
1	1	1	7607	excl_1459	5
1	2	2	7625	excl_1459	5
1	3	3	7618	excl_1459	5
1	4	4	7583	excl_1459	5
1	5	5	7624	excl_1459	5
1	6	6	7646	excl_1459	5
1	7	7	7647	excl_1459	5
1	8	8	7360	incl_1459	5
2	0	0 1	7511	excl_1459	5
2	1	0 2	7526	excl_1459	5
2	2	0 3	7535	excl_1459	5
2	3	0 4	7481	excl_1459	5
2	4	0 5	7520	excl_1459	5
2	5	0 6	7558	excl_1459	5
2	6	0 7	7565	excl_1459	5
2	7	0 8	7270	incl_1459	5
2	8	1 2	7551	excl_1459	5
2	9	1 3	7482	excl_1459	5
2	10	1 4	7454	excl_1459	5
2	11	1 5	7505	excl_1459	5
2	12	1 6	7526	excl_1459	5
2	13	1 7	7520	excl_1459	5
2	14	1 8	7237	incl_1459	5
2	15	2 3	7506	excl_1459	5
2	16	2 4	7479	excl_1459	5
2	17	2 5	7512	excl_1459	5
2	18	2 6	7552	excl_1459	5
2	19	2 7	7522	excl_1459	5
2	20	2 8	7256	incl_1459	5
2	21	3 4	7457	excl_1459	5
2	22	3 5	7487	excl_1459	5
2	23	3 6	7518	excl_1459	5
2	24	3 7	7513	excl_1459	5
2	25	3 8	7253	incl_1459	5
2	26	4 5	7464	excl_1459	5
2	27	4 6	7486	excl_1459	5
2	28	4 7	7478	excl_1459	5
2	29	4 8	7247	incl_1459	5
2	30	5 6	7521	excl_1459	5
2	31	5 7	7522	excl_1459	5
2	32	5 8	7256	incl_1459	5
2	33	6 7	7555	excl_1459	5
2	34	6 8	7263	incl_1459	5
2	35	7 8	7260	incl_1459	5
3	0	0 1 2	7478	excl_1459	5
3	1	0 1 3	7439	excl_1459	5
3	2	0 1 4	7402	excl_1459	5
3	3	0 1 5	7442	excl_1459	5
3	4	0 1 6	7467	excl_1459	5
3	5	0 1 7	7465	excl_1459	5
3	6	0 1 8	7200	incl_1459	5
3	7	0 2 3	7458	excl_1459	5
3	8	0 2 4	7423	excl_1459	5
3	9	0 2 5	7452	excl_1459	5
3	10	0 2 6	7486	excl_1459	5
3	11	0 2 7	7474	excl_1459	5
3	12	0 2 8	7213	incl_1459	5
3	13	0 3 4	7412	excl_1459	5
3	14	0 3 5	7437	excl_1459	5
3	15	0 3 6	7479	excl_1459	5
3	16	0 3 7	7478	excl_1459	5
3	17	0 3 8	7219	incl_1459	5
3	18	0 4 5	7417	excl_1459	5
3	19	0 4 6	7433	excl_1459	5
3	20	0 4 7	7435	excl_1459	5
3	21	0 4 8	7205	incl_1459	5
3	22	0 5 6	7471	excl_1459	5
3	23	0 5 7	7476	excl_1459	5
3	24	0 5 8	7216	incl_1459	5
3	25	0 6 7	7506	excl_1459	5
3	26	0 6 8	7225	incl_1459	5
3	27	0 7 8	7230	incl_1459	5
3	28	1 2 3	7458	excl_1459	5
3	29	1 2 4	7433	excl_1459	5
3	30	1 2 5	7467	excl_1459	5
3	31	1 2 6	7498	excl_1459	5
3	32	1 2 7	7480	excl_1459	5
3	33	1 2 8	7216	incl_1459	5
3	34	1 3 4	7385	excl_1459	5
3	35	1 3 5	7412	excl_1459	5
3	36	1 3 6	7437	excl_1459	5
3	37	1 3 7	7432	excl_1459	5
3	38	1 3 8	7189	incl_1459	5
3	39	1 4 5	7395	excl_1459	5
3	40	1 4 6	7412	excl_1459	5
3	41	1 4 7	7404	excl_1459	5
3	42	1 4 8	7187	incl_1459	5
3	43	1 5 6	7447	excl_1459	5
3	44	1 5 7	7445	excl_1459	5
3	45	1 5 8	7200	incl_1459	5
3	46	1 6 7	7472	excl_1459	5
3	47	1 6 8	7201	incl_1459	5
3	48	1 7 8	7205	incl_1459	5
3	49	2 3 4	7404	excl_1459	5
3	50	2 3 5	7428	excl_1459	5
3	51	2 3 6	7460	excl_1459	5
3	52	2 3 7	7443	excl_1459	5
3	53	2 3 8	7209	incl_1459	5
3	54	2 4 5	7408	excl_1459	5
3	55	2 4 6	7438	excl_1459	5
3	56	2 4 7	7418	excl_1459	5
3	57	2 4 8	7207	incl_1459	5
3	58	2 5 6	7461	excl_1459	5
3	59	2 5 7	7450	excl_1459	5
3	60	2 5 8	7210	incl_1459	5
3	61	2 6 7	7484	excl_1459	5
3	62	2 6 8	7222	incl_1459	5
3	63	2 7 8	7209	incl_1459	5
3	64	3 4 5	7390	excl_1459	5
3	65	3 4 6	7402	excl_1459	5
3	66	3 4 7	7402	excl_1459	5
3	67	3 4 8	7193	incl_1459	5
3	68	3 5 6	7435	excl_1459	5
3	69	3 5 7	7434	excl_1459	5
3	70	3 5 8	7198	incl_1459	5
3	71	3 6 7	7465	excl_1459	5
3	72	3 6 8	7210	incl_1459	5
3	73	3 7 8	7204	incl_1459	5
3	74	4 5 6	7415	excl_1459	5
3	75	4 5 7	7417	excl_1459	5
3	76	4 5 8	7201	incl_1459	5
3	77	4 6 7	7434	excl_1459	5
3	78	4 6 8	7205	incl_1459	5
3	79	4 7 8	7203	incl_1459	5
3	80	5 6 7	7470	excl_1459	5
3	81	5 6 8	7214	incl_1459	5
3	82	5 7 8	7217	incl_1459	5
3	83	6 7 8	7223	incl_1459	5
4	0	0 1 2 3	7418	excl_1459	5
4	1	0 1 2 4	7386	excl_1459	5
4	2	0 1 2 5	7418	excl_1459	5
4	3	0 1 2 6	7444	excl_1459	5
4	4	0 1 2 7	7437	excl_1459	5
4	5	0 1 2 8	7184	incl_1459	5
4	6	0 1 3 4	7355	excl_1459	5
4	7	0 1 3 5	7377	excl_1459	5
4	8	0 1 3 6	7405	excl_1459	5
4	9	0 1 3 7	7406	excl_1459	5
4	10	0 1 3 8	7168	incl_1459	5
4	11	0 1 4 5	7362	excl_1459	5
4	12	0 1 4 6	7371	excl_1459	5
4	13	0 1 4 7	7372	excl_1459	5
4	14	0 1 4 8	7159	incl_1459	5
4	15	0 1 5 6	7408	excl_1459	5
4	16	0 1 5 7	7408	excl_1459	5
4	17	0 1 5 8	7172	incl_1459	5
4	18	0 1 6 7	7432	excl_1459	5
4	19	0 1 6 8	7173	incl_1459	5
4	20	0 1 7 8	7181	incl_1459	5
4	21	0 2 3 4	7373	excl_1459	5
4	22	0 2 3 5	7391	excl_1459	5
4	23	0 2 3 6	7426	excl_1459	5
4	24	0 2 3 7	7418	excl_1459	5
4	25	0 2 3 8	7183	incl_1459	5
4	26	0 2 4 5	7375	excl_1459	5
4	27	0 2 4 6	7393	excl_1459	5
4	28	0 2 4 7	7386	excl_1459	5
4	29	0 2 4 8	7176	incl_1459	5
4	30	0 2 5 6	7419	excl_1459	5
4	31	0 2 5 7	7418	excl_1459	5
4	32	0 2 5 8	7180	incl_1459	5
4	33	0 2 6 7	7444	excl_1459	5
4	34	0 2 6 8	7189	incl_1459	5
4	35	0 2 7 8	7188	incl_1459	5
4	36	0 3 4 5	7359	excl_1459	5
4	37	0 3 4 6	7376	excl_1459	5
4	38	0 3 4 7	7377	excl_1459	5
4	39	0 3 4 8	7171	incl_1459	5
4	40	0 3 5 6	7402	excl_1459	5
4	41	0 3 5 7	7406	excl_1459	5
4	42	0 3 5 8	7175	incl_1459	5
4	43	0 3 6 7	7440	excl_1459	5
4	44	0 3 6 8	7189	incl_1459	5
4	45	0 3 7 8	7188	incl_1459	5
4	46	0 4 5 6	7382	excl_1459	5
4	47	0 4 5 7	7389	excl_1459	5
4	48	0 4 5 8	7175	incl_1459	5
4	49	0 4 6 7	7400	excl_1459	5
4	50	0 4 6 8	7178	incl_1459	5
4	51	0 4 7 8	7181	incl_1459	5
4	52	0 5 6 7	7439	excl_1459	5
4	53	0 5 6 8	7187	incl_1459	5
4	54	0 5 7 8	7194	incl_1459	5
4	55	0 6 7 8	7202	incl_1459	5
4	56	1 2 3 4	7371	excl_1459	5
4	57	1 2 3 5	7395	excl_1459	5
4	58	1 2 3 6	7420	excl_1459	5
4	59	1 2 3 7	7412	excl_1459	5
4	60	1 2 3 8	7178	incl_1459	5
4	61	1 2 4 5	7377	excl_1459	5
4	62	1 2 4 6	7398	excl_1459	5
4	63	1 2 4 7	7389	excl_1459	5
4	64	1 2 4 8	7177	incl_1459	5
4	65	1 2 5 6	7425	excl_1459	5
4	66	1 2 5 7	7416	excl_1459	5
4	67	1 2 5 8	7183	incl_1459	5
4	68	1 2 6 7	7449	excl_1459	5
4	69	1 2 6 8	7189	incl_1459	5
4	70	1 2 7 8	7185	incl_1459	5
4	71	1 3 4 5	7341	excl_1459	5
4	72	1 3 4 6	7351	excl_1459	5
4	73	1 3 4 7	7351	excl_1459	5
4	74	1 3 4 8	7153	incl_1459	5
4	75	1 3 5 6	7377	excl_1459	5
4	76	1 3 5 7	7376	excl_1459	5
4	77	1 3 5 8	7161	incl_1459	5
4	78	1 3 6 7	7404	excl_1459	5
4	79	1 3 6 8	7164	incl_1459	5
4	80	1 3 7 8	7166	incl_1459	5
4	81	1 4 5 6	7359	excl_1459	5
4	82	1 4 5 7	7360	excl_1459	5
4	83	1 4 5 8	7163	incl_1459	5
4	84	1 4 6 7	7378	excl_1459	5
4	85	1 4 6 8	7161	incl_1459	5
4	86	1 4 7 8	7162	incl_1459	5
4	87	1 5 6 7	7408	excl_1459	5
4	88	1 5 6 8	7172	incl_1459	5
4	89	1 5 7 8	7176	incl_1459	5
4	90	1 6 7 8	7179	incl_1459	5
4	91	2 3 4 5	7352	excl_1459	5
4	92	2 3 4 6	7370	excl_1459	5
4	93	2 3 4 7	7360	excl_1459	5
4	94	2 3 4 8	7168	incl_1459	5
4	95	2 3 5 6	7393	excl_1459	5
4	96	2 3 5 7	7388	excl_1459	5
4	97	2 3 5 8	7172	incl_1459	5
4	98	2 3 6 7	7417	excl_1459	5
4	99	2 3 6 8	7183	incl_1459	5
4	100	2 3 7 8	7173	incl_1459	5
4	101	2 4 5 6	7376	excl_1459	5
4	102	2 4 5 7	7373	excl_1459	5
4	103	2 4 5 8	7174	incl_1459	5
4	104	2 4 6 7	7394	excl_1459	5
4	105	2 4 6 8	7181	incl_1459	5
4	106	2 4 7 8	7174	incl_1459	5
4	107	2 5 6 7	7418	excl_1459	5
4	108	2 5 6 8	7185	incl_1459	5
4	109	2 5 7 8	7182	incl_1459	5
4	110	2 6 7 8	7190	incl_1459	5
4	111	3 4 5 6	7352	excl_1459	5
4	112	3 4 5 7	7356	excl_1459	5
4	113	3 4 5 8	7160	incl_1459	5
4	114	3 4 6 7	7367	excl_1459	5
4	115	3 4 6 8	7164	incl_1459	5
4	116	3 4 7 8	7163	incl_1459	5
4	117	3 5 6 7	7401	excl_1459	5
4	118	3 5 6 8	7172	incl_1459	5
4	119	3 5 7 8	7171	incl_1459	5
4	120	3 6 7 8	7182	incl_1459	5
4	121	4 5 6 7	7384	excl_1459	5
4	122	4 5 6 8	7173	incl_1459	5
4	123	4 5 7 8	7176	incl_1459	5
4	124	4 6 7 8	7180	incl_1459	5
4	125	5 6 7 8	7192	incl_1459	5
5	0	0 1 2 3 4	7343	excl_1459	5
5	1	0 1 2 3 5	7363	excl_1459	5
5	2	0 1 2 3 6	7390	excl_1459	5
5	3	0 1 2 3 7	7389	excl_1459	5
5	4	0 1 2 3 8	7159	incl_1459	5
5	5	0 1 2 4 5	7347	excl_1459	5
5	6	0 1 2 4 6	7359	excl_1459	5
5	7	0 1 2 4 7	7359	excl_1459	5
5	8	0 1 2 4 8	7151	incl_1459	5
5	9	0 1 2 5 6	7389	excl_1459	5
5	10	0 1 2 5 7	7387	excl_1459	5
5	11	0 1 2 5 8	7159	incl_1459	5
5	12	0 1 2 6 7	7412	excl_1459	5
5	13	0 1 2 6 8	7162	incl_1459	5
5	14	0 1 2 7 8	7166	incl_1459	5
5	15	0 1 3 4 5	7317	excl_1459	5
5	16	0 1 3 4 6	7328	excl_1459	5
5	17	0 1 3 4 7	7332	excl_1459	5
5	18	0 1 3 4 8	7136	incl_1459	5
5	19	0 1 3 5 6	7350	excl_1459	5
5	20	0 1 3 5 7	7354	excl_1459	5
5	21	0 1 3 5 8	7143	incl_1459	5
5	22	0 1 3 6 7	7381	excl_1459	5
5	23	0 1 3 6 8	7147	incl_1459	5
5	24	0 1 3 7 8	7151	incl_1459	5
5	25	0 1 4 5 6	7333	excl_1459	5
5	26	0 1 4 5 7	7338	excl_1459	5
5	27	0 1 4 5 8	7141	incl_1459	5
5	28	0 1 4 6 7	7349	excl_1459	5
5	29	0 1 4 6 8	7138	incl_1459	5
5	30	0 1 4 7 8	7143	incl_1459	5
5	31	0 1 5 6 7	7381	excl_1459	5
5	32	0 1 5 6 8	7149	incl_1459	5
5	33	0 1 5 7 8	7156	incl_1459	5
5	34	0 1 6 7 8	7160	incl_1459	5
5	35	0 2 3 4 5	7329	excl_1459	5
5	36	0 2 3 4 6	7347	excl_1459	5
5	37	0 2 3 4 7	7342	excl_1459	5
5	38	0 2 3 4 8	7150	incl_1459	5
5	39	0 2 3 5 6	7365	excl_1459	5
5	40	0 2 3 5 7	7367	excl_1459	5
5	41	0 2 3 5 8	7152	incl_1459	5
5	42	0 2 3 6 7	7395	excl_1459	5
5	43	0 2 3 6 8	7163	incl_1459	5
5	44	0 2 3 7 8	7159	incl_1459	5
5	45	0 2 4 5 6	7348	excl_1459	5
5	46	0 2 4 5 7	7351	excl_1459	5
5	47	0 2 4 5 8	7152	incl_1459	5
5	48	0 2 4 6 7	7364	excl_1459	5
5	49	0 2 4 6 8	7156	incl_1459	5
5	50	0 2 4 7 8	7155	incl_1459	5
5	51	0 2 5 6 7	7391	excl_1459	5
5	52	0 2 5 6 8	7159	incl_1459	5
5	53	0 2 5 7 8	7164	incl_1459	5
5	54	0 2 6 7 8	7170	incl_1459	5
5	55	0 3 4 5 6	7330	excl_1459	5
5	56	0 3 4 5 7	7336	excl_1459	5
5	57	0 3 4 5 8	7143	incl_1459	5
5	58	0 3 4 6 7	7349	excl_1459	5
5	59	0 3 4 6 8	7149	incl_1459	5
5	60	0 3 4 7 8	7149	incl_1459	5
5	61	0 3 5 6 7	7379	excl_1459	5
5	62	0 3 5 6 8	7153	incl_1459	5
5	63	0 3 5 7 8	7157	incl_1459	5
5	64	0 3 6 7 8	7168	incl_1459	5
5	65	0 4 5 6 7	7360	excl_1459	5
5	66	0 4 5 6 8	7152	incl_1459	5
5	67	0 4 5 7 8	7158	incl_1459	5
5	68	0 4 6 7 8	7161	incl_1459	5
5	69	0 5 6 7 8	7173	incl_1459	5
5	70	1 2 3 4 5	7328	excl_1459	5
5	71	1 2 3 4 6	7341	excl_1459	5
5	72	1 2 3 4 7	7339	excl_1459	5
5	73	1 2 3 4 8	7145	incl_1459	5
5	74	1 2 3 5 6	7364	excl_1459	5
5	75	1 2 3 5 7	7361	excl_1459	5
5	76	1 2 3 5 8	7151	incl_1459	5
5	77	1 2 3 6 7	7390	excl_1459	5
5	78	1 2 3 6 8	7156	incl_1459	5
5	79	1 2 3 7 8	7155	incl_1459	5
5	80	1 2 4 5 6	7347	excl_1459	5
5	81	1 2 4 5 7	7346	excl_1459	5
5	82	1 2 4 5 8	7153	incl_1459	5
5	83	1 2 4 6 7	7367	excl_1459	5
5	84	1 2 4 6 8	7155	incl_1459	5
5	85	1 2 4 7 8	7153	incl_1459	5
5	86	1 2 5 6 7	7389	excl_1459	5
5	87	1 2 5 6 8	7161	incl_1459	5
5	88	1 2 5 7 8	7160	incl_1459	5
5	89	1 2 6 7 8	7167	incl_1459	5
5	90	1 3 4 5 6	7311	excl_1459	5
5	91	1 3 4 5 7	7314	excl_1459	5
5	92	1 3 4 5 8	7133	incl_1459	5
5	93	1 3 4 6 7	7328	excl_1459	5
5	94	1 3 4 6 8	7132	incl_1459	5
5	95	1 3 4 7 8	7134	incl_1459	5
5	96	1 3 5 6 7	7352	excl_1459	5
5	97	1 3 5 6 8	7139	incl_1459	5
5	98	1 3 5 7 8	7142	incl_1459	5
5	99	1 3 6 7 8	7148	incl_1459	5
5	100	1 4 5 6 7	7335	excl_1459	5
5	101	1 4 5 6 8	7139	incl_1459	5
5	102	1 4 5 7 8	7142	incl_1459	5
5	103	1 4 6 7 8	7144	incl_1459	5
5	104	1 5 6 7 8	7155	incl_1459	5
5	105	2 3 4 5 6	7325	excl_1459	5
5	106	2 3 4 5 7	7324	excl_1459	5
5	107	2 3 4 5 8	7141	incl_1459	5
5	108	2 3 4 6 7	7340	excl_1459	5
5	109	2 3 4 6 8	7147	incl_1459	5
5	110	2 3 4 7 8	7141	incl_1459	5
5	111	2 3 5 6 7	7365	excl_1459	5
5	112	2 3 5 6 8	7152	incl_1459	5
5	113	2 3 5 7 8	7149	incl_1459	5
5	114	2 3 6 7 8	7158	incl_1459	5
5	115	2 4 5 6 7	7350	excl_1459	5
5	116	2 4 5 6 8	7153	incl_1459	5
5	117	2 4 5 7 8	7153	incl_1459	5
5	118	2 4 6 7 8	7158	incl_1459	5
5	119	2 5 6 7 8	7165	incl_1459	5
5	120	3 4 5 6 7	7328	excl_1459	5
5	121	3 4 5 6 8	7138	incl_1459	5
5	122	3 4 5 7 8	7139	incl_1459	5
5	123	3 4 6 7 8	7144	incl_1459	5
5	124	3 5 6 7 8	7153	incl_1459	5
5	125	4 5 6 7 8	7157	incl_1459	5
6	0	0 1 2 3 4 5	7306	excl_1459	5
6	1	0 1 2 3 4 6	7319	excl_1459	5
6	2	0 1 2 3 4 7	7322	excl_1459	5
6	3	0 1 2 3 4 8	7130	incl_1459	5
6	4	0 1 2 3 5 6	7339	excl_1459	5
6	5	0 1 2 3 5 7	7342	excl_1459	5
6	6	0 1 2 3 5 8	7135	incl_1459	5
6	7	0 1 2 3 6 7	7369	excl_1459	5
6	8	0 1 2 3 6 8	7140	incl_1459	5
6	9	0 1 2 3 7 8	7142	incl_1459	5
6	10	0 1 2 4 5 6	7322	excl_1459	5
6	11	0 1 2 4 5 7	7326	excl_1459	5
6	12	0 1 2 4 5 8	7133	incl_1459	5
6	13	0 1 2 4 6 7	7339	excl_1459	5
6	14	0 1 2 4 6 8	7133	incl_1459	5
6	15	0 1 2 4 7 8	7136	incl_1459	5
6	16	0 1 2 5 6 7	7364	excl_1459	5
6	17	0 1 2 5 6 8	7139	incl_1459	5
6	18	0 1 2 5 7 8	7144	incl_1459	5
6	19	0 1 2 6 7 8	7149	incl_1459	5
6	20	0 1 3 4 5 6	7292	excl_1459	5
6	21	0 1 3 4 5 7	7298	excl_1459	5
6	22	0 1 3 4 5 8	7118	incl_1459	5
6	23	0 1 3 4 6 7	7312	excl_1459	5
6	24	0 1 3 4 6 8	7118	incl_1459	5
6	25	0 1 3 4 7 8	7121	incl_1459	5
6	26	0 1 3 5 6 7	7332	excl_1459	5
6	27	0 1 3 5 6 8	7123	incl_1459	5
6	28	0 1 3 5 7 8	7129	incl_1459	5
6	29	0 1 3 6 7 8	7135	incl_1459	5
6	30	0 1 4 5 6 7	7315	excl_1459	5
6	31	0 1 4 5 6 8	7120	incl_1459	5
6	32	0 1 4 5 7 8	7126	incl_1459	5
6	33	0 1 4 6 7 8	7127	incl_1459	5
6	34	0 1 5 6 7 8	7138	incl_1459	5
6	35	0 2 3 4 5 6	7306	excl_1459	5
6	36	0 2 3 4 5 7	7309	excl_1459	5
6	37	0 2 3 4 5 8	7127	incl_1459	5
6	38	0 2 3 4 6 7	7324	excl_1459	5
6	39	0 2 3 4 6 8	7133	incl_1459	5
6	40	0 2 3 4 7 8	7129	incl_1459	5
6	41	0 2 3 5 6 7	7346	excl_1459	5
6	42	0 2 3 5 6 8	7134	incl_1459	5
6	43	0 2 3 5 7 8	7137	incl_1459	5
6	44	0 2 3 6 7 8	7145	incl_1459	5
6	45	0 2 4 5 6 7	7329	excl_1459	5
6	46	0 2 4 5 6 8	7133	incl_1459	5
6	47	0 2 4 5 7 8	7137	incl_1459	5
6	48	0 2 4 6 7 8	7140	incl_1459	5
6	49	0 2 5 6 7 8	7147	incl_1459	5
6	50	0 3 4 5 6 7	7312	excl_1459	5
6	51	0 3 4 5 6 8	7124	incl_1459	5
6	52	0 3 4 5 7 8	7127	incl_1459	5
6	53	0 3 4 6 7 8	7132	incl_1459	5
6	54	0 3 5 6 7 8	7140	incl_1459	5
6	55	0 4 5 6 7 8	7140	incl_1459	5
6	56	1 2 3 4 5 6	7302	excl_1459	5
6	57	1 2 3 4 5 7	7303	excl_1459	5
6	58	1 2 3 4 5 8	7125	incl_1459	5
6	59	1 2 3 4 6 7	7320	excl_1459	5
6	60	1 2 3 4 6 8	7127	incl_1459	5
6	61	1 2 3 4 7 8	7126	incl_1459	5
6	62	1 2 3 5 6 7	7341	excl_1459	5
6	63	1 2 3 5 6 8	7132	incl_1459	5
6	64	1 2 3 5 7 8	7132	incl_1459	5
6	65	1 2 3 6 7 8	7140	incl_1459	5
6	66	1 2 4 5 6 7	7325	excl_1459	5
6	67	1 2 4 5 6 8	7133	incl_1459	5
6	68	1 2 4 5 7 8	7133	incl_1459	5
6	69	1 2 4 6 7 8	7138	incl_1459	5
6	70	1 2 5 6 7 8	7144	incl_1459	5
6	71	1 3 4 5 6 7	7292	excl_1459	5
6	72	1 3 4 5 6 8	7113	incl_1459	5
6	73	1 3 4 5 7 8	7115	incl_1459	5
6	74	1 3 4 6 7 8	7118	incl_1459	5
6	75	1 3 5 6 7 8	7125	incl_1459	5
6	76	1 4 5 6 7 8	7125	incl_1459	5
6	77	2 3 4 5 6 7	7305	excl_1459	5
6	78	2 3 4 5 6 8	7124	incl_1459	5
6	79	2 3 4 5 7 8	7122	incl_1459	5
6	80	2 3 4 6 7 8	7128	incl_1459	5
6	81	2 3 5 6 7 8	7135	incl_1459	5
6	82	2 4 5 6 7 8	7138	incl_1459	5
6	83	3 4 5 6 7 8	7123	incl_1459	5
7	0	0 1 2 3 4 5 6	7284	excl_1459	5
7	1	0 1 2 3 4 5 7	7289	excl_1459	5
7	2	0 1 2 3 4 5 8	7112	incl_1459	5
7	3	0 1 2 3 4 6 7	7305	excl_1459	5
7	4	0 1 2 3 4 6 8	7114	incl_1459	5
7	5	0 1 2 3 4 7 8	7115	incl_1459	5
7	6	0 1 2 3 5 6 7	7323	excl_1459	5
7	7	0 1 2 3 5 6 8	7117	incl_1459	5
7	8	0 1 2 3 5 7 8	7121	incl_1459	5
7	9	0 1 2 3 6 7 8	7128	incl_1459	5
7	10	0 1 2 4 5 6 7	7306	excl_1459	5
7	11	0 1 2 4 5 6 8	7115	incl_1459	5
7	12	0 1 2 4 5 7 8	7119	incl_1459	5
7	13	0 1 2 4 6 7 8	7122	incl_1459	5
7	14	0 1 2 5 6 7 8	7128	incl_1459	5
7	15	0 1 3 4 5 6 7	7278	excl_1459	5
7	16	0 1 3 4 5 6 8	7100	incl_1459	5
7	17	0 1 3 4 5 7 8	7104	incl_1459	5
7	18	0 1 3 4 6 7 8	7107	incl_1459	5
7	19	0 1 3 5 6 7 8	7113	incl_1459	5
7	20	0 1 4 5 6 7 8	7110	incl_1459	5
7	21	0 2 3 4 5 6 7	7291	excl_1459	5
7	22	0 2 3 4 5 6 8	7111	incl_1459	5
7	23	0 2 3 4 5 7 8	7112	incl_1459	5
7	24	0 2 3 4 6 7 8	7117	incl_1459	5
7	25	0 2 3 5 6 7 8	7123	incl_1459	5
7	26	0 2 4 5 6 7 8	7122	incl_1459	5
7	27	0 3 4 5 6 7 8	7112	incl_1459	5
7	28	1 2 3 4 5 6 7	7285	excl_1459	5
7	29	1 2 3 4 5 6 8	7108	incl_1459	5
7	30	1 2 3 4 5 7 8	7107	incl_1459	5
7	31	1 2 3 4 6 7 8	7113	incl_1459	5
7	32	1 2 3 5 6 7 8	7118	incl_1459	5
7	33	1 2 4 5 6 7 8	7119	incl_1459	5
7	34	1 3 4 5 6 7 8	7100	incl_1459	5
7	35	2 3 4 5 6 7 8	7110	incl_1459	5
8	0	0 1 2 3 4 5 6 7	7272	excl_1459	5
8	1	0 1 2 3 4 5 6 8	7096	incl_1459	5
8	2	0 1 2 3 4 5 7 8	7098	incl_1459	5
8	3	0 1 2 3 4 6 7 8	7103	incl_1459	5
8	4	0 1 2 3 5 6 7 8	7107	incl_1459	5
8	5	0 1 2 4 5 6 7 8	7105	incl_1459	5
8	6	0 1 3 4 5 6 7 8	7090	incl_1459	5
8	7	0 2 3 4 5 6 7 8	7100	incl_1459	5
8	8	1 2 3 4 5 6 7 8	7095	incl_1459	5
9	0	0 1 2 3 4 5 6 7 8	7086	incl_1459	5
