isolates	permutation	combo	core_genes	Group	tag
1	0	0	826	excl_1459	5
1	1	1	811	excl_1459	5
1	2	2	818	excl_1459	5
1	3	3	823	excl_1459	5
1	4	4	796	excl_1459	5
1	5	5	810	excl_1459	5
1	6	6	811	excl_1459	5
1	7	7	818	excl_1459	5
1	8	8	683	incl_1459	5
2	0	0 1	799	excl_1459	5
2	1	0 2	807	excl_1459	5
2	2	0 3	812	excl_1459	5
2	3	0 4	775	excl_1459	5
2	4	0 5	795	excl_1459	5
2	5	0 6	803	excl_1459	5
2	6	0 7	807	excl_1459	5
2	7	0 8	669	incl_1459	5
2	8	1 2	803	excl_1459	5
2	9	1 3	797	excl_1459	5
2	10	1 4	771	excl_1459	5
2	11	1 5	784	excl_1459	5
2	12	1 6	792	excl_1459	5
2	13	1 7	789	excl_1459	5
2	14	1 8	667	incl_1459	5
2	15	2 3	806	excl_1459	5
2	16	2 4	774	excl_1459	5
2	17	2 5	793	excl_1459	5
2	18	2 6	797	excl_1459	5
2	19	2 7	796	excl_1459	5
2	20	2 8	667	incl_1459	5
2	21	3 4	774	excl_1459	5
2	22	3 5	796	excl_1459	5
2	23	3 6	801	excl_1459	5
2	24	3 7	800	excl_1459	5
2	25	3 8	670	incl_1459	5
2	26	4 5	770	excl_1459	5
2	27	4 6	771	excl_1459	5
2	28	4 7	772	excl_1459	5
2	29	4 8	661	incl_1459	5
2	30	5 6	788	excl_1459	5
2	31	5 7	787	excl_1459	5
2	32	5 8	663	incl_1459	5
2	33	6 7	798	excl_1459	5
2	34	6 8	665	incl_1459	5
2	35	7 8	663	incl_1459	5
3	0	0 1 2	794	excl_1459	5
3	1	0 1 3	793	excl_1459	5
3	2	0 1 4	762	excl_1459	5
3	3	0 1 5	777	excl_1459	5
3	4	0 1 6	788	excl_1459	5
3	5	0 1 7	786	excl_1459	5
3	6	0 1 8	661	incl_1459	5
3	7	0 2 3	801	excl_1459	5
3	8	0 2 4	767	excl_1459	5
3	9	0 2 5	786	excl_1459	5
3	10	0 2 6	792	excl_1459	5
3	11	0 2 7	793	excl_1459	5
3	12	0 2 8	661	incl_1459	5
3	13	0 3 4	767	excl_1459	5
3	14	0 3 5	790	excl_1459	5
3	15	0 3 6	798	excl_1459	5
3	16	0 3 7	798	excl_1459	5
3	17	0 3 8	664	incl_1459	5
3	18	0 4 5	761	excl_1459	5
3	19	0 4 6	764	excl_1459	5
3	20	0 4 7	763	excl_1459	5
3	21	0 4 8	650	incl_1459	5
3	22	0 5 6	782	excl_1459	5
3	23	0 5 7	783	excl_1459	5
3	24	0 5 8	656	incl_1459	5
3	25	0 6 7	793	excl_1459	5
3	26	0 6 8	661	incl_1459	5
3	27	0 7 8	657	incl_1459	5
3	28	1 2 3	792	excl_1459	5
3	29	1 2 4	766	excl_1459	5
3	30	1 2 5	781	excl_1459	5
3	31	1 2 6	788	excl_1459	5
3	32	1 2 7	785	excl_1459	5
3	33	1 2 8	662	incl_1459	5
3	34	1 3 4	760	excl_1459	5
3	35	1 3 5	777	excl_1459	5
3	36	1 3 6	785	excl_1459	5
3	37	1 3 7	781	excl_1459	5
3	38	1 3 8	659	incl_1459	5
3	39	1 4 5	758	excl_1459	5
3	40	1 4 6	760	excl_1459	5
3	41	1 4 7	756	excl_1459	5
3	42	1 4 8	651	incl_1459	5
3	43	1 5 6	774	excl_1459	5
3	44	1 5 7	770	excl_1459	5
3	45	1 5 8	655	incl_1459	5
3	46	1 6 7	781	excl_1459	5
3	47	1 6 8	656	incl_1459	5
3	48	1 7 8	653	incl_1459	5
3	49	2 3 4	765	excl_1459	5
3	50	2 3 5	786	excl_1459	5
3	51	2 3 6	790	excl_1459	5
3	52	2 3 7	788	excl_1459	5
3	53	2 3 8	661	incl_1459	5
3	54	2 4 5	761	excl_1459	5
3	55	2 4 6	763	excl_1459	5
3	56	2 4 7	760	excl_1459	5
3	57	2 4 8	650	incl_1459	5
3	58	2 5 6	779	excl_1459	5
3	59	2 5 7	777	excl_1459	5
3	60	2 5 8	655	incl_1459	5
3	61	2 6 7	785	excl_1459	5
3	62	2 6 8	657	incl_1459	5
3	63	2 7 8	653	incl_1459	5
3	64	3 4 5	761	excl_1459	5
3	65	3 4 6	762	excl_1459	5
3	66	3 4 7	760	excl_1459	5
3	67	3 4 8	650	incl_1459	5
3	68	3 5 6	782	excl_1459	5
3	69	3 5 7	780	excl_1459	5
3	70	3 5 8	657	incl_1459	5
3	71	3 6 7	789	excl_1459	5
3	72	3 6 8	660	incl_1459	5
3	73	3 7 8	655	incl_1459	5
3	74	4 5 6	759	excl_1459	5
3	75	4 5 7	755	excl_1459	5
3	76	4 5 8	646	incl_1459	5
3	77	4 6 7	761	excl_1459	5
3	78	4 6 8	648	incl_1459	5
3	79	4 7 8	647	incl_1459	5
3	80	5 6 7	778	excl_1459	5
3	81	5 6 8	655	incl_1459	5
3	82	5 7 8	650	incl_1459	5
3	83	6 7 8	655	incl_1459	5
4	0	0 1 2 3	789	excl_1459	5
4	1	0 1 2 4	759	excl_1459	5
4	2	0 1 2 5	775	excl_1459	5
4	3	0 1 2 6	784	excl_1459	5
4	4	0 1 2 7	782	excl_1459	5
4	5	0 1 2 8	657	incl_1459	5
4	6	0 1 3 4	757	excl_1459	5
4	7	0 1 3 5	774	excl_1459	5
4	8	0 1 3 6	784	excl_1459	5
4	9	0 1 3 7	781	excl_1459	5
4	10	0 1 3 8	657	incl_1459	5
4	11	0 1 4 5	752	excl_1459	5
4	12	0 1 4 6	756	excl_1459	5
4	13	0 1 4 7	753	excl_1459	5
4	14	0 1 4 8	645	incl_1459	5
4	15	0 1 5 6	770	excl_1459	5
4	16	0 1 5 7	768	excl_1459	5
4	17	0 1 5 8	650	incl_1459	5
4	18	0 1 6 7	779	excl_1459	5
4	19	0 1 6 8	653	incl_1459	5
4	20	0 1 7 8	650	incl_1459	5
4	21	0 2 3 4	763	excl_1459	5
4	22	0 2 3 5	782	excl_1459	5
4	23	0 2 3 6	788	excl_1459	5
4	24	0 2 3 7	788	excl_1459	5
4	25	0 2 3 8	658	incl_1459	5
4	26	0 2 4 5	756	excl_1459	5
4	27	0 2 4 6	759	excl_1459	5
4	28	0 2 4 7	757	excl_1459	5
4	29	0 2 4 8	645	incl_1459	5
4	30	0 2 5 6	774	excl_1459	5
4	31	0 2 5 7	775	excl_1459	5
4	32	0 2 5 8	651	incl_1459	5
4	33	0 2 6 7	783	excl_1459	5
4	34	0 2 6 8	654	incl_1459	5
4	35	0 2 7 8	650	incl_1459	5
4	36	0 3 4 5	757	excl_1459	5
4	37	0 3 4 6	760	excl_1459	5
4	38	0 3 4 7	758	excl_1459	5
4	39	0 3 4 8	645	incl_1459	5
4	40	0 3 5 6	779	excl_1459	5
4	41	0 3 5 7	779	excl_1459	5
4	42	0 3 5 8	654	incl_1459	5
4	43	0 3 6 7	788	excl_1459	5
4	44	0 3 6 8	658	incl_1459	5
4	45	0 3 7 8	653	incl_1459	5
4	46	0 4 5 6	754	excl_1459	5
4	47	0 4 5 7	752	excl_1459	5
4	48	0 4 5 8	640	incl_1459	5
4	49	0 4 6 7	756	excl_1459	5
4	50	0 4 6 8	644	incl_1459	5
4	51	0 4 7 8	641	incl_1459	5
4	52	0 5 6 7	775	excl_1459	5
4	53	0 5 6 8	651	incl_1459	5
4	54	0 5 7 8	647	incl_1459	5
4	55	0 6 7 8	652	incl_1459	5
4	56	1 2 3 4	757	excl_1459	5
4	57	1 2 3 5	775	excl_1459	5
4	58	1 2 3 6	781	excl_1459	5
4	59	1 2 3 7	778	excl_1459	5
4	60	1 2 3 8	656	incl_1459	5
4	61	1 2 4 5	755	excl_1459	5
4	62	1 2 4 6	758	excl_1459	5
4	63	1 2 4 7	753	excl_1459	5
4	64	1 2 4 8	647	incl_1459	5
4	65	1 2 5 6	772	excl_1459	5
4	66	1 2 5 7	768	excl_1459	5
4	67	1 2 5 8	652	incl_1459	5
4	68	1 2 6 7	778	excl_1459	5
4	69	1 2 6 8	653	incl_1459	5
4	70	1 2 7 8	650	incl_1459	5
4	71	1 3 4 5	751	excl_1459	5
4	72	1 3 4 6	754	excl_1459	5
4	73	1 3 4 7	749	excl_1459	5
4	74	1 3 4 8	643	incl_1459	5
4	75	1 3 5 6	768	excl_1459	5
4	76	1 3 5 7	765	excl_1459	5
4	77	1 3 5 8	650	incl_1459	5
4	78	1 3 6 7	775	excl_1459	5
4	79	1 3 6 8	652	incl_1459	5
4	80	1 3 7 8	647	incl_1459	5
4	81	1 4 5 6	753	excl_1459	5
4	82	1 4 5 7	747	excl_1459	5
4	83	1 4 5 8	642	incl_1459	5
4	84	1 4 6 7	751	excl_1459	5
4	85	1 4 6 8	642	incl_1459	5
4	86	1 4 7 8	640	incl_1459	5
4	87	1 5 6 7	766	excl_1459	5
4	88	1 5 6 8	648	incl_1459	5
4	89	1 5 7 8	644	incl_1459	5
4	90	1 6 7 8	647	incl_1459	5
4	91	2 3 4 5	755	excl_1459	5
4	92	2 3 4 6	757	excl_1459	5
4	93	2 3 4 7	754	excl_1459	5
4	94	2 3 4 8	644	incl_1459	5
4	95	2 3 5 6	773	excl_1459	5
4	96	2 3 5 7	771	excl_1459	5
4	97	2 3 5 8	651	incl_1459	5
4	98	2 3 6 7	779	excl_1459	5
4	99	2 3 6 8	653	incl_1459	5
4	100	2 3 7 8	648	incl_1459	5
4	101	2 4 5 6	754	excl_1459	5
4	102	2 4 5 7	750	excl_1459	5
4	103	2 4 5 8	641	incl_1459	5
4	104	2 4 6 7	753	excl_1459	5
4	105	2 4 6 8	643	incl_1459	5
4	106	2 4 7 8	639	incl_1459	5
4	107	2 5 6 7	769	excl_1459	5
4	108	2 5 6 8	649	incl_1459	5
4	109	2 5 7 8	644	incl_1459	5
4	110	2 6 7 8	648	incl_1459	5
4	111	3 4 5 6	753	excl_1459	5
4	112	3 4 5 7	750	excl_1459	5
4	113	3 4 5 8	641	incl_1459	5
4	114	3 4 6 7	753	excl_1459	5
4	115	3 4 6 8	643	incl_1459	5
4	116	3 4 7 8	639	incl_1459	5
4	117	3 5 6 7	773	excl_1459	5
4	118	3 5 6 8	651	incl_1459	5
4	119	3 5 7 8	646	incl_1459	5
4	120	3 6 7 8	650	incl_1459	5
4	121	4 5 6 7	750	excl_1459	5
4	122	4 5 6 8	641	incl_1459	5
4	123	4 5 7 8	635	incl_1459	5
4	124	4 6 7 8	640	incl_1459	5
4	125	5 6 7 8	647	incl_1459	5
5	0	0 1 2 3 4	755	excl_1459	5
5	1	0 1 2 3 5	772	excl_1459	5
5	2	0 1 2 3 6	780	excl_1459	5
5	3	0 1 2 3 7	778	excl_1459	5
5	4	0 1 2 3 8	654	incl_1459	5
5	5	0 1 2 4 5	750	excl_1459	5
5	6	0 1 2 4 6	754	excl_1459	5
5	7	0 1 2 4 7	750	excl_1459	5
5	8	0 1 2 4 8	642	incl_1459	5
5	9	0 1 2 5 6	768	excl_1459	5
5	10	0 1 2 5 7	766	excl_1459	5
5	11	0 1 2 5 8	648	incl_1459	5
5	12	0 1 2 6 7	776	excl_1459	5
5	13	0 1 2 6 8	650	incl_1459	5
5	14	0 1 2 7 8	647	incl_1459	5
5	15	0 1 3 4 5	749	excl_1459	5
5	16	0 1 3 4 6	753	excl_1459	5
5	17	0 1 3 4 7	749	excl_1459	5
5	18	0 1 3 4 8	641	incl_1459	5
5	19	0 1 3 5 6	767	excl_1459	5
5	20	0 1 3 5 7	765	excl_1459	5
5	21	0 1 3 5 8	648	incl_1459	5
5	22	0 1 3 6 7	775	excl_1459	5
5	23	0 1 3 6 8	651	incl_1459	5
5	24	0 1 3 7 8	647	incl_1459	5
5	25	0 1 4 5 6	749	excl_1459	5
5	26	0 1 4 5 7	745	excl_1459	5
5	27	0 1 4 5 8	637	incl_1459	5
5	28	0 1 4 6 7	749	excl_1459	5
5	29	0 1 4 6 8	639	incl_1459	5
5	30	0 1 4 7 8	637	incl_1459	5
5	31	0 1 5 6 7	764	excl_1459	5
5	32	0 1 5 6 8	645	incl_1459	5
5	33	0 1 5 7 8	642	incl_1459	5
5	34	0 1 6 7 8	645	incl_1459	5
5	35	0 2 3 4 5	753	excl_1459	5
5	36	0 2 3 4 6	756	excl_1459	5
5	37	0 2 3 4 7	754	excl_1459	5
5	38	0 2 3 4 8	642	incl_1459	5
5	39	0 2 3 5 6	771	excl_1459	5
5	40	0 2 3 5 7	771	excl_1459	5
5	41	0 2 3 5 8	649	incl_1459	5
5	42	0 2 3 6 7	779	excl_1459	5
5	43	0 2 3 6 8	652	incl_1459	5
5	44	0 2 3 7 8	648	incl_1459	5
5	45	0 2 4 5 6	750	excl_1459	5
5	46	0 2 4 5 7	748	excl_1459	5
5	47	0 2 4 5 8	637	incl_1459	5
5	48	0 2 4 6 7	751	excl_1459	5
5	49	0 2 4 6 8	640	incl_1459	5
5	50	0 2 4 7 8	636	incl_1459	5
5	51	0 2 5 6 7	767	excl_1459	5
5	52	0 2 5 6 8	646	incl_1459	5
5	53	0 2 5 7 8	642	incl_1459	5
5	54	0 2 6 7 8	646	incl_1459	5
5	55	0 3 4 5 6	751	excl_1459	5
5	56	0 3 4 5 7	749	excl_1459	5
5	57	0 3 4 5 8	638	incl_1459	5
5	58	0 3 4 6 7	752	excl_1459	5
5	59	0 3 4 6 8	641	incl_1459	5
5	60	0 3 4 7 8	637	incl_1459	5
5	61	0 3 5 6 7	772	excl_1459	5
5	62	0 3 5 6 8	649	incl_1459	5
5	63	0 3 5 7 8	645	incl_1459	5
5	64	0 3 6 7 8	649	incl_1459	5
5	65	0 4 5 6 7	747	excl_1459	5
5	66	0 4 5 6 8	637	incl_1459	5
5	67	0 4 5 7 8	632	incl_1459	5
5	68	0 4 6 7 8	637	incl_1459	5
5	69	0 5 6 7 8	644	incl_1459	5
5	70	1 2 3 4 5	749	excl_1459	5
5	71	1 2 3 4 6	752	excl_1459	5
5	72	1 2 3 4 7	747	excl_1459	5
5	73	1 2 3 4 8	641	incl_1459	5
5	74	1 2 3 5 6	766	excl_1459	5
5	75	1 2 3 5 7	763	excl_1459	5
5	76	1 2 3 5 8	648	incl_1459	5
5	77	1 2 3 6 7	772	excl_1459	5
5	78	1 2 3 6 8	649	incl_1459	5
5	79	1 2 3 7 8	645	incl_1459	5
5	80	1 2 4 5 6	751	excl_1459	5
5	81	1 2 4 5 7	745	excl_1459	5
5	82	1 2 4 5 8	639	incl_1459	5
5	83	1 2 4 6 7	749	excl_1459	5
5	84	1 2 4 6 8	640	incl_1459	5
5	85	1 2 4 7 8	637	incl_1459	5
5	86	1 2 5 6 7	764	excl_1459	5
5	87	1 2 5 6 8	646	incl_1459	5
5	88	1 2 5 7 8	642	incl_1459	5
5	89	1 2 6 7 8	645	incl_1459	5
5	90	1 3 4 5 6	747	excl_1459	5
5	91	1 3 4 5 7	742	excl_1459	5
5	92	1 3 4 5 8	637	incl_1459	5
5	93	1 3 4 6 7	746	excl_1459	5
5	94	1 3 4 6 8	638	incl_1459	5
5	95	1 3 4 7 8	634	incl_1459	5
5	96	1 3 5 6 7	761	excl_1459	5
5	97	1 3 5 6 8	644	incl_1459	5
5	98	1 3 5 7 8	640	incl_1459	5
5	99	1 3 6 7 8	643	incl_1459	5
5	100	1 4 5 6 7	745	excl_1459	5
5	101	1 4 5 6 8	637	incl_1459	5
5	102	1 4 5 7 8	632	incl_1459	5
5	103	1 4 6 7 8	635	incl_1459	5
5	104	1 5 6 7 8	641	incl_1459	5
5	105	2 3 4 5 6	748	excl_1459	5
5	106	2 3 4 5 7	745	excl_1459	5
5	107	2 3 4 5 8	637	incl_1459	5
5	108	2 3 4 6 7	748	excl_1459	5
5	109	2 3 4 6 8	639	incl_1459	5
5	110	2 3 4 7 8	634	incl_1459	5
5	111	2 3 5 6 7	764	excl_1459	5
5	112	2 3 5 6 8	645	incl_1459	5
5	113	2 3 5 7 8	640	incl_1459	5
5	114	2 3 6 7 8	644	incl_1459	5
5	115	2 4 5 6 7	745	excl_1459	5
5	116	2 4 5 6 8	637	incl_1459	5
5	117	2 4 5 7 8	631	incl_1459	5
5	118	2 4 6 7 8	635	incl_1459	5
5	119	2 5 6 7 8	641	incl_1459	5
5	120	3 4 5 6 7	745	excl_1459	5
5	121	3 4 5 6 8	637	incl_1459	5
5	122	3 4 5 7 8	631	incl_1459	5
5	123	3 4 6 7 8	635	incl_1459	5
5	124	3 5 6 7 8	643	incl_1459	5
5	125	4 5 6 7 8	633	incl_1459	5
6	0	0 1 2 3 4 5	747	excl_1459	5
6	1	0 1 2 3 4 6	751	excl_1459	5
6	2	0 1 2 3 4 7	747	excl_1459	5
6	3	0 1 2 3 4 8	639	incl_1459	5
6	4	0 1 2 3 5 6	765	excl_1459	5
6	5	0 1 2 3 5 7	763	excl_1459	5
6	6	0 1 2 3 5 8	646	incl_1459	5
6	7	0 1 2 3 6 7	772	excl_1459	5
6	8	0 1 2 3 6 8	648	incl_1459	5
6	9	0 1 2 3 7 8	645	incl_1459	5
6	10	0 1 2 4 5 6	747	excl_1459	5
6	11	0 1 2 4 5 7	743	excl_1459	5
6	12	0 1 2 4 5 8	635	incl_1459	5
6	13	0 1 2 4 6 7	747	excl_1459	5
6	14	0 1 2 4 6 8	637	incl_1459	5
6	15	0 1 2 4 7 8	634	incl_1459	5
6	16	0 1 2 5 6 7	762	excl_1459	5
6	17	0 1 2 5 6 8	643	incl_1459	5
6	18	0 1 2 5 7 8	640	incl_1459	5
6	19	0 1 2 6 7 8	643	incl_1459	5
6	20	0 1 3 4 5 6	746	excl_1459	5
6	21	0 1 3 4 5 7	742	excl_1459	5
6	22	0 1 3 4 5 8	635	incl_1459	5
6	23	0 1 3 4 6 7	746	excl_1459	5
6	24	0 1 3 4 6 8	637	incl_1459	5
6	25	0 1 3 4 7 8	634	incl_1459	5
6	26	0 1 3 5 6 7	761	excl_1459	5
6	27	0 1 3 5 6 8	643	incl_1459	5
6	28	0 1 3 5 7 8	640	incl_1459	5
6	29	0 1 3 6 7 8	643	incl_1459	5
6	30	0 1 4 5 6 7	743	excl_1459	5
6	31	0 1 4 5 6 8	634	incl_1459	5
6	32	0 1 4 5 7 8	630	incl_1459	5
6	33	0 1 4 6 7 8	633	incl_1459	5
6	34	0 1 5 6 7 8	639	incl_1459	5
6	35	0 2 3 4 5 6	747	excl_1459	5
6	36	0 2 3 4 5 7	745	excl_1459	5
6	37	0 2 3 4 5 8	635	incl_1459	5
6	38	0 2 3 4 6 7	748	excl_1459	5
6	39	0 2 3 4 6 8	638	incl_1459	5
6	40	0 2 3 4 7 8	634	incl_1459	5
6	41	0 2 3 5 6 7	764	excl_1459	5
6	42	0 2 3 5 6 8	644	incl_1459	5
6	43	0 2 3 5 7 8	640	incl_1459	5
6	44	0 2 3 6 7 8	644	incl_1459	5
6	45	0 2 4 5 6 7	743	excl_1459	5
6	46	0 2 4 5 6 8	634	incl_1459	5
6	47	0 2 4 5 7 8	629	incl_1459	5
6	48	0 2 4 6 7 8	633	incl_1459	5
6	49	0 2 5 6 7 8	639	incl_1459	5
6	50	0 3 4 5 6 7	744	excl_1459	5
6	51	0 3 4 5 6 8	635	incl_1459	5
6	52	0 3 4 5 7 8	630	incl_1459	5
6	53	0 3 4 6 7 8	634	incl_1459	5
6	54	0 3 5 6 7 8	642	incl_1459	5
6	55	0 4 5 6 7 8	630	incl_1459	5
6	56	1 2 3 4 5 6	745	excl_1459	5
6	57	1 2 3 4 5 7	740	excl_1459	5
6	58	1 2 3 4 5 8	635	incl_1459	5
6	59	1 2 3 4 6 7	744	excl_1459	5
6	60	1 2 3 4 6 8	636	incl_1459	5
6	61	1 2 3 4 7 8	632	incl_1459	5
6	62	1 2 3 5 6 7	759	excl_1459	5
6	63	1 2 3 5 6 8	642	incl_1459	5
6	64	1 2 3 5 7 8	638	incl_1459	5
6	65	1 2 3 6 7 8	641	incl_1459	5
6	66	1 2 4 5 6 7	743	excl_1459	5
6	67	1 2 4 5 6 8	635	incl_1459	5
6	68	1 2 4 5 7 8	630	incl_1459	5
6	69	1 2 4 6 7 8	633	incl_1459	5
6	70	1 2 5 6 7 8	639	incl_1459	5
6	71	1 3 4 5 6 7	740	excl_1459	5
6	72	1 3 4 5 6 8	633	incl_1459	5
6	73	1 3 4 5 7 8	628	incl_1459	5
6	74	1 3 4 6 7 8	631	incl_1459	5
6	75	1 3 5 6 7 8	637	incl_1459	5
6	76	1 4 5 6 7 8	630	incl_1459	5
6	77	2 3 4 5 6 7	740	excl_1459	5
6	78	2 3 4 5 6 8	633	incl_1459	5
6	79	2 3 4 5 7 8	627	incl_1459	5
6	80	2 3 4 6 7 8	631	incl_1459	5
6	81	2 3 5 6 7 8	637	incl_1459	5
6	82	2 4 5 6 7 8	629	incl_1459	5
6	83	3 4 5 6 7 8	629	incl_1459	5
7	0	0 1 2 3 4 5 6	744	excl_1459	5
7	1	0 1 2 3 4 5 7	740	excl_1459	5
7	2	0 1 2 3 4 5 8	633	incl_1459	5
7	3	0 1 2 3 4 6 7	744	excl_1459	5
7	4	0 1 2 3 4 6 8	635	incl_1459	5
7	5	0 1 2 3 4 7 8	632	incl_1459	5
7	6	0 1 2 3 5 6 7	759	excl_1459	5
7	7	0 1 2 3 5 6 8	641	incl_1459	5
7	8	0 1 2 3 5 7 8	638	incl_1459	5
7	9	0 1 2 3 6 7 8	641	incl_1459	5
7	10	0 1 2 4 5 6 7	741	excl_1459	5
7	11	0 1 2 4 5 6 8	632	incl_1459	5
7	12	0 1 2 4 5 7 8	628	incl_1459	5
7	13	0 1 2 4 6 7 8	631	incl_1459	5
7	14	0 1 2 5 6 7 8	637	incl_1459	5
7	15	0 1 3 4 5 6 7	740	excl_1459	5
7	16	0 1 3 4 5 6 8	632	incl_1459	5
7	17	0 1 3 4 5 7 8	628	incl_1459	5
7	18	0 1 3 4 6 7 8	631	incl_1459	5
7	19	0 1 3 5 6 7 8	637	incl_1459	5
7	20	0 1 4 5 6 7 8	628	incl_1459	5
7	21	0 2 3 4 5 6 7	740	excl_1459	5
7	22	0 2 3 4 5 6 8	632	incl_1459	5
7	23	0 2 3 4 5 7 8	627	incl_1459	5
7	24	0 2 3 4 6 7 8	631	incl_1459	5
7	25	0 2 3 5 6 7 8	637	incl_1459	5
7	26	0 2 4 5 6 7 8	627	incl_1459	5
7	27	0 3 4 5 6 7 8	628	incl_1459	5
7	28	1 2 3 4 5 6 7	738	excl_1459	5
7	29	1 2 3 4 5 6 8	631	incl_1459	5
7	30	1 2 3 4 5 7 8	626	incl_1459	5
7	31	1 2 3 4 6 7 8	629	incl_1459	5
7	32	1 2 3 5 6 7 8	635	incl_1459	5
7	33	1 2 4 5 6 7 8	628	incl_1459	5
7	34	1 3 4 5 6 7 8	626	incl_1459	5
7	35	2 3 4 5 6 7 8	625	incl_1459	5
8	0	0 1 2 3 4 5 6 7	738	excl_1459	5
8	1	0 1 2 3 4 5 6 8	630	incl_1459	5
8	2	0 1 2 3 4 5 7 8	626	incl_1459	5
8	3	0 1 2 3 4 6 7 8	629	incl_1459	5
8	4	0 1 2 3 5 6 7 8	635	incl_1459	5
8	5	0 1 2 4 5 6 7 8	626	incl_1459	5
8	6	0 1 3 4 5 6 7 8	626	incl_1459	5
8	7	0 2 3 4 5 6 7 8	625	incl_1459	5
8	8	1 2 3 4 5 6 7 8	624	incl_1459	5
9	0	0 1 2 3 4 5 6 7 8	624	incl_1459	5
