id	tag	present	absent	CHE96224	ARG4	CHN1740	CHN5227	IRNGOR2	ISR211	ISR7	JPNCHIKA	USA2	1459
BgtCHE96224-AcSP31373	E008	10	0	1	1	1	1	1	1	1	1	1	1
BgtCHE96224-80002	E008	9	1	1	1	1	1	1	1	1	1	1	0
BgtCHE96224-55033	E030	10	0	1	1	1	1	1	1	1	1	1	1
BgtCHE96224-E20066	E050	10	0	1	1	1	1	1	1	1	1	1	1
BgtCHE96224-E20114	E046	10	0	1	1	1	1	1	1	1	1	1	1
BgtCHE96224-55086	E046	1	9	1	0	0	0	0	0	0	0	0	0
BgtCHE96224-E5973	E135	10	0	1	1	1	1	1	1	1	1	1	1
BgtCHE96224-51548	E046	9	1	1	1	1	1	1	1	1	1	1	0
BgtCHE96224-ASP21418	E113	10	0	1	1	1	1	1	1	1	1	1	1
BgtCHE96224-51549	E046	10	0	1	1	1	1	1	1	1	1	1	1
BgtCHE96224-80604	E016	1	9	1	0	0	0	0	0	0	0	0	0
BgtCHE96224-E6000	E013	10	0	1	1	1	1	1	1	1	1	1	1
BgtCHE96224-E10103	E013	10	0	1	1	1	1	1	1	1	1	1	1
BgtCHE96224-51938	E013	10	0	1	1	1	1	1	1	1	1	1	1
BgtCHE96224-E5681	E013	10	0	1	1	1	1	1	1	1	1	1	1
BgtCHE96224-E5682	E174	10	0	1	1	1	1	1	1	1	1	1	1
BgtCHE96224-70096	E011	1	9	1	0	0	0	0	0	0	0	0	0
BgtCHE96224-AcSP31586	E007	10	0	1	1	1	1	1	1	1	1	1	1
BgtCHE96224-A20962	E007	10	0	1	1	1	1	1	1	1	1	1	1
BgtCHE96224-A20014	E007	10	0	1	1	1	1	1	1	1	1	1	1
BgtCHE96224-E4557	E007	10	0	1	1	1	1	1	1	1	1	1	1
BgtCHE96224-E20022	E024	9	1	1	1	1	1	1	1	1	1	1	0
BgtCHE96224-51365	E014	10	0	1	1	1	1	1	1	1	1	1	1
BgtCHE96224-E10002	E024	10	0	1	1	1	1	1	1	1	1	1	1
BgtCHE96224-E10005	E024	10	0	1	1	1	1	1	1	1	1	1	1
BgtCHE96224-55138	E024	10	0	1	1	1	1	1	1	1	1	1	1
BgtCHE96224-4583	E149	10	0	1	1	1	1	1	1	1	1	1	1
BgtCHE96224-E10122	E003	10	0	1	1	1	1	1	1	1	1	1	1
BgtCHE96224-55069	E003	10	0	1	1	1	1	1	1	1	1	1	1
BgtCHE96224-E20041	E003	10	0	1	1	1	1	1	1	1	1	1	1
BgtCHE96224-50236	E011	10	0	1	1	1	1	1	1	1	1	1	1
BgtCHE96224-50237	E011	8	2	1	1	0	1	1	1	1	1	0	1
BgtCHE96224-50239	E011	9	1	1	1	1	1	1	1	1	1	1	0
BgtCHE96224-50243	E011	9	1	1	1	1	1	1	1	1	1	1	0
BgtCHE96224-E20072-2	E011	9	1	1	1	1	1	1	1	1	1	1	0
BgtCHE96224-50032	E011	9	1	1	1	1	1	1	1	1	1	1	0
BgtCHE96224-50035	E011	9	1	1	1	1	1	1	1	1	1	1	0
BgtCHE96224-51738	E011	9	1	1	1	1	1	1	1	1	1	1	0
BgtCHE96224-51737	E011	9	1	1	1	1	1	1	1	1	1	1	0
BgtCHE96224-51736	E011	7	3	1	1	1	1	1	0	0	1	1	0
BgtCHE96224-51735	E011	9	1	1	1	1	1	1	1	1	1	1	0
BgtCHE96224-51729	E003	1	9	1	0	0	0	0	0	0	0	0	0
BgtCHE96224-51731	E003	9	1	1	1	1	1	1	1	1	1	1	0
BgtCHE96224-AcSP31098	E003	9	1	1	1	1	1	0	1	1	1	1	1
BgtCHE96224-E5685	E003	9	1	1	1	1	1	1	1	1	1	1	0
BgtCHE96224-E5686	E003	10	0	1	1	1	1	1	1	1	1	1	1
BgtCHE96224-A20493	E046	10	0	1	1	1	1	1	1	1	1	1	1
BgtCHE96224-51283	E007	10	0	1	1	1	1	1	1	1	1	1	1
BgtCHE96224-ASP20359	E031	10	0	1	1	1	1	1	1	1	1	1	1
BgtCHE96224-118	E154	10	0	1	1	1	1	1	1	1	1	1	1
BgtCHE96224-1280	E100	10	0	1	1	1	1	1	1	1	1	1	1
BgtCHE96224-E20075	E025	9	1	1	1	1	1	1	1	1	1	1	0
BgtCHE96224-51254	E025	9	1	1	1	1	1	1	1	1	1	1	0
BgtCHE96224-51256	E025	10	0	1	1	1	1	1	1	1	1	1	1
BgtCHE96224-51122	E003	10	0	1	1	1	1	1	1	1	1	1	1
BgtCHE96224-2845	E3	10	0	1	1	1	1	1	1	1	1	1	1
BgtCHE96224-E6034	E003	10	0	1	1	1	1	1	1	1	1	1	1
BgtCHE96224-E20033	E003	10	0	1	1	1	1	1	1	1	1	1	1
BgtCHE96224-51120	E003	9	1	1	1	1	1	1	1	1	1	1	0
BgtCHE96224-51119	E003	9	1	1	1	1	1	1	1	1	1	1	0
BgtCHE96224-80018	E003	10	0	1	1	1	1	1	1	1	1	1	1
BgtCHE96224-55081	E003	7	3	1	1	1	1	1	0	0	1	1	0
BgtCHE96224-E20119	E003	10	0	1	1	1	1	1	1	1	1	1	1
BgtCHE96224-E20043	E003	9	1	1	1	1	1	1	0	1	1	1	1
BgtCHE96224-51116	E003	10	0	1	1	1	1	1	1	1	1	1	1
BgtCHE96224-51113	E003	1	9	1	0	0	0	0	0	0	0	0	0
BgtCHE96224-AcSP31292	E007	10	0	1	1	1	1	1	1	1	1	1	1
BgtCHE96224-A21558	E007	10	0	1	1	1	1	1	1	1	1	1	1
BgtCHE96224-E6037	E007	1	9	1	0	0	0	0	0	0	0	0	0
BgtCHE96224-E20089	E013	10	0	1	1	1	1	1	1	1	1	1	1
BgtCHE96224-E20099	E013	10	0	1	1	1	1	1	1	1	1	1	1
BgtCHE96224-851	E070	10	0	1	1	1	1	1	1	1	1	1	1
BgtCHE96224-A21008	E001	10	0	1	1	1	1	1	1	1	1	1	1
BgtCHE96224-E5619	E001	8	2	1	1	0	0	1	1	1	1	1	1
BgtCHE96224-51773	E001	9	1	1	1	1	1	1	1	1	1	1	0
BgtCHE96224-E5620	E001	10	0	1	1	1	1	1	1	1	1	1	1
BgtCHE96224-AcSP31556	E001	10	0	1	1	1	1	1	1	1	1	1	1
BgtCHE96224-E5880	E042	10	0	1	1	1	1	1	1	1	1	1	1
BgtCHE96224-51872	E036	10	0	1	1	1	1	1	1	1	1	1	1
BgtCHE96224-754	E1	10	0	1	1	1	1	1	1	1	1	1	1
BgtCHE96224-E5838	E042	10	0	1	1	1	1	1	1	1	1	1	1
BgtCHE96224-E5839	E042	10	0	1	1	1	1	1	1	1	1	1	1
BgtCHE96224-AcSP31175	E042	10	0	1	1	1	1	1	1	1	1	1	1
BgtCHE96224-E20042	E042	10	0	1	1	1	1	1	1	1	1	1	1
BgtCHE96224-50773	E042	10	0	1	1	1	1	1	1	1	1	1	1
BgtCHE96224-50693	E042	10	0	1	1	1	1	1	1	1	1	1	1
BgtCHE96224-1393	E103	10	0	1	1	1	1	1	1	1	1	1	1
BgtCHE96224-55102	E016	10	0	1	1	1	1	1	1	1	1	1	1
BgtCHE96224-50480	E004	10	0	1	1	1	1	1	1	1	1	1	1
BgtCHE96224-E5912	E039	9	1	1	1	1	1	1	1	1	1	1	0
BgtCHE96224-E5836	E039	10	0	1	1	1	1	1	1	1	1	1	1
BgtCHE96224-80580	E004	10	0	1	1	1	1	1	1	1	1	1	1
BgtCHE96224-70067	E001	1	9	1	0	0	0	0	0	0	0	0	0
BgtCHE96224-E20055	E011	10	0	1	1	1	1	1	1	1	1	1	1
BgtCHE96224-E5676	E013	10	0	1	1	1	1	1	1	1	1	1	1
BgtCHE96224-80487	E016	10	0	1	1	1	1	1	1	1	1	1	1
BgtCHE96224-20799	E209	10	0	1	1	1	1	1	1	1	1	1	1
BgtCHE96224-80386	E001	3	7	1	1	0	0	0	1	0	0	0	0
BgtCHE96224-50673	E001	10	0	1	1	1	1	1	1	1	1	1	1
BgtCHE96224-E5822	E114	10	0	1	1	1	1	1	1	1	1	1	1
BgtCHE96224-166	E155	10	0	1	1	1	1	1	1	1	1	1	1
BgtCHE96224-2806	E118	10	0	1	1	1	1	1	1	1	1	1	1
BgtCHE96224-55016	E016	1	9	1	0	0	0	0	0	0	0	0	0
BgtCHE96224-55017	E016	10	0	1	1	1	1	1	1	1	1	1	1
BgtCHE96224-AcSP30002	E066	10	0	1	1	1	1	1	1	1	1	1	1
BgtCHE96224-E3893	E012	9	1	1	1	1	1	1	1	1	1	1	0
BgtCHE96224-E20128	E066	10	0	1	1	1	1	1	1	1	1	1	1
BgtCHE96224-Ac30001	E012	10	0	1	1	1	1	1	1	1	1	1	1
BgtCHE96224-51066	E066	9	1	1	1	1	1	1	1	1	1	1	0
BgtCHE96224-51067	E066	9	1	1	1	1	1	1	1	1	1	1	0
BgtCHE96224-Ac30001-2	E012	10	0	1	1	1	1	1	1	1	1	1	1
BgtCHE96224-51065	E012	9	1	1	1	1	1	1	0	1	1	1	1
BgtCHE96224-51064	E012	10	0	1	1	1	1	1	1	1	1	1	1
BgtCHE96224-51063	E012	2	8	1	1	0	0	0	0	0	0	0	0
BgtCHE96224-E5731	E180	9	1	1	1	1	1	1	0	1	1	1	1
BgtCHE96224-E5670	E173	10	0	1	1	1	1	1	1	1	1	1	1
BgtCHE96224-E5850	E004	10	0	1	1	1	1	1	1	1	1	1	1
BgtCHE96224-E10120	E004	10	0	1	1	1	1	1	1	1	1	1	1
BgtCHE96224-4401	E056	10	0	1	1	1	1	1	1	1	1	1	1
BgtCHE96224-4402	E056	10	0	1	1	1	1	1	1	1	1	1	1
BgtCHE96224-ASP20389	E056	10	0	1	1	1	1	1	1	1	1	1	1
BgtCHE96224-100461	E3	1	9	1	0	0	0	0	0	0	0	0	0
BgtCHE96224-4172	E3	10	0	1	1	1	1	1	1	1	1	1	1
BgtCHE96224-20369	E004	10	0	1	1	1	1	1	1	1	1	1	1
BgtCHE96224-51086	E004	10	0	1	1	1	1	1	1	1	1	1	1
BgtCHE96224-51074	E004	10	0	1	1	1	1	1	1	1	1	1	1
BgtCHE96224-55023	E016	10	0	1	1	1	1	1	1	1	1	1	1
BgtCHE96224-80055	E004	10	0	1	1	1	1	1	1	1	1	1	1
BgtCHE96224-E20038	E004	10	0	1	1	1	1	1	1	1	1	1	1
BgtCHE96224-ASP20484	E172	10	0	1	1	1	1	1	1	1	1	1	1
BgtCHE96224-20370	E004	10	0	1	1	1	1	1	1	1	1	1	1
BgtCHE96224-E5967	E004	10	0	1	1	1	1	1	1	1	1	1	1
BgtCHE96224-2775	E115	10	0	1	1	1	1	1	1	1	1	1	1
BgtCHE96224-2234	E071	10	0	1	1	1	1	1	1	1	1	1	1
BgtCHE96224-3170	E071	10	0	1	1	1	1	1	1	1	1	1	1
BgtCHE96224-Ac30080	E001	10	0	1	1	1	1	1	1	1	1	1	1
BgtCHE96224-E5780	E026	10	0	1	1	1	1	1	1	1	1	1	1
BgtCHE96224-E5732	E057	10	0	1	1	1	1	1	1	1	1	1	1
BgtCHE96224-E5778	E001	10	0	1	1	1	1	1	1	1	1	1	1
BgtCHE96224-A21339	E012	10	0	1	1	1	1	1	1	1	1	1	1
BgtCHE96224-ASP21338	E176	10	0	1	1	1	1	1	1	1	1	1	1
BgtCHE96224-70069	E027	7	3	1	1	1	1	1	0	1	0	0	1
BgtCHE96224-55059	E001	10	0	1	1	1	1	1	1	1	1	1	1
BgtCHE96224-70070	E027	9	1	1	1	1	1	1	1	1	1	1	0
BgtCHE96224-50961	E027	10	0	1	1	1	1	1	1	1	1	1	1
BgtCHE96224-50960	E027	10	0	1	1	1	1	1	1	1	1	1	1
BgtCHE96224-50959	E027	10	0	1	1	1	1	1	1	1	1	1	1
BgtCHE96224-50958	E027	10	0	1	1	1	1	1	1	1	1	1	1
BgtCHE96224-4619	E151	10	0	1	1	1	1	1	1	1	1	1	1
BgtCHE96224-50954	E026	10	0	1	1	1	1	1	1	1	1	1	1
BgtCHE96224-50953	E026	9	1	1	1	1	1	1	1	1	1	1	0
BgtCHE96224-AcSP31356	E026	10	0	1	1	1	1	1	1	1	1	1	1
BgtCHE96224-E20097	E026	10	0	1	1	1	1	1	1	1	1	1	1
BgtCHE96224-50948	E008	9	1	1	1	1	1	1	1	0	1	1	1
BgtCHE96224-50947	E008	3	7	1	0	0	0	0	0	1	0	1	0
BgtCHE96224-E5698	E026	10	0	1	1	1	1	1	1	1	1	1	1
BgtCHE96224-E5699	E026	10	0	1	1	1	1	1	1	1	1	1	1
BgtCHE96224-E6002	E026	10	0	1	1	1	1	1	1	1	1	1	1
BgtCHE96224-E20081	E026	10	0	1	1	1	1	1	1	1	1	1	1
BgtCHE96224-Ac31552	E036	10	0	1	1	1	1	1	1	1	1	1	1
BgtCHE96224-E5701	E001	10	0	1	1	1	1	1	1	1	1	1	1
BgtCHE96224-E5700	E001	1	9	1	0	0	0	0	0	0	0	0	0
BgtCHE96224-70071	E001	10	0	1	1	1	1	1	1	1	1	1	1
BgtCHE96224-E20050	E021	10	0	1	1	1	1	1	1	1	1	1	1
BgtCHE96224-55038	E016	9	1	1	1	1	1	1	1	1	1	1	0
BgtCHE96224-80549	E021	9	1	1	1	1	1	1	1	1	1	1	0
BgtCHE96224-E20101	E021	9	1	1	1	1	1	1	1	1	1	1	0
BgtCHE96224-55004	E016	9	1	1	1	1	1	1	1	1	1	1	0
BgtCHE96224-E6023	E005	10	0	1	1	1	1	1	1	1	1	1	1
BgtCHE96224-Ac30128	E036	10	0	1	1	1	1	1	1	1	1	1	1
BgtCHE96224-50453	E008	10	0	1	1	1	1	1	1	1	1	1	1
BgtCHE96224-avrF213	E008	8	2	1	1	1	1	0	1	1	1	1	0
BgtCHE96224-70072	E001	1	9	1	0	0	0	0	0	0	0	0	0
BgtCHE96224-AcSP30643	E001	10	0	1	1	1	1	1	1	1	1	1	1
BgtCHE96224-AcSP30641	E001	10	0	1	1	1	1	1	1	1	1	1	1
BgtCHE96224-AcSP30639	E001	10	0	1	1	1	1	1	1	1	1	1	1
BgtCHE96224-E5653	E036	10	0	1	1	1	1	1	1	1	1	1	1
BgtCHE96224-Ac30857	E036	9	1	1	1	1	1	1	1	1	1	1	0
BgtCHE96224-E10100	E036	9	1	1	1	1	1	1	1	1	1	1	0
BgtCHE96224-E20064	E036	10	0	1	1	1	1	1	1	1	1	1	1
BgtCHE96224-E20008	E051	10	0	1	1	1	1	1	1	1	1	1	1
BgtCHE96224-E5929	E051	10	0	1	1	1	1	1	1	1	1	1	1
BgtCHE96224-E20001	E008	10	0	1	1	1	1	1	1	1	1	1	1
BgtCHE96224-E40011	E029	10	0	1	1	1	1	1	1	1	1	1	1
BgtCHE96224-AcSP31262	E004	10	0	1	1	1	1	1	1	1	1	1	1
BgtCHE96224-E20107	E029	9	1	1	1	1	0	1	1	1	1	1	1
BgtCHE96224-E5545	E029	6	4	1	1	1	0	1	0	0	1	1	0
BgtCHE96224-E5889	E029	10	0	1	1	1	1	1	1	1	1	1	1
BgtCHE96224-50651	E029	9	1	1	1	1	1	1	1	1	1	0	1
BgtCHE96224-55084	E029	10	0	1	1	1	1	1	1	1	1	1	1
BgtCHE96224-AcSP30848	E008	9	1	1	1	0	1	1	1	1	1	1	1
BgtCHE96224-80087	E029	6	4	1	0	1	1	0	1	0	0	1	1
BgtCHE96224-E50667	E029	10	0	1	1	1	1	1	1	1	1	1	1
BgtCHE96224-E40000	E019	10	0	1	1	1	1	1	1	1	1	1	1
BgtCHE96224-55085	E011	10	0	1	1	1	1	1	1	1	1	1	1
BgtCHE96224-AcSP30107	E058	10	0	1	1	1	1	1	1	1	1	1	1
BgtCHE96224-E20061	E033	10	0	1	1	1	1	1	1	1	1	1	1
BgtCHE96224-E10114	E058	10	0	1	1	1	1	1	1	1	1	1	1
BgtCHE96224-50738	E058	10	0	1	1	1	1	1	1	1	1	1	1
BgtCHE96224-avrF220	E008	10	0	1	1	1	1	1	1	1	1	1	1
BgtCHE96224-51532	E215	10	0	1	1	1	1	1	1	1	1	1	1
BgtCHE96224-E5576	E027	10	0	1	1	1	1	1	1	1	1	1	1
BgtCHE96224-51533	E008	10	0	1	1	1	1	1	1	1	1	1	1
BgtCHE96224-Ac31456	E026	9	1	1	1	1	1	1	1	1	1	1	0
BgtCHE96224-avrF220-2	E008	10	0	1	1	1	1	1	1	1	1	1	1
BgtCHE96224-4589	E150	10	0	1	1	1	1	1	1	1	1	1	1
BgtCHE96224-E4663	E001	10	0	1	1	1	1	1	1	1	1	1	1
BgtCHE96224-4783	E148	10	0	1	1	1	1	1	1	1	1	1	1
BgtCHE96224-51538	E016	10	0	1	1	1	1	1	1	1	1	1	1
BgtCHE96224-E5964	E005	10	0	1	1	1	1	1	1	1	1	1	1
BgtCHE96224-E10117	E014	10	0	1	1	1	1	1	1	1	1	1	1
BgtCHE96224-E20000	E014	10	0	1	1	1	1	1	1	1	1	1	1
BgtCHE96224-50025	E021	10	0	1	1	1	1	1	1	1	1	1	1
BgtCHE96224-50024	E016	10	0	1	1	1	1	1	1	1	1	1	1
BgtCHE96224-50021	E016	10	0	1	1	1	1	1	1	1	1	1	1
BgtCHE96224-E5754	E001	10	0	1	1	1	1	1	1	1	1	1	1
BgtCHE96224-80094	E001	10	0	1	1	1	1	1	1	1	1	1	1
BgtCHE96224-E5974	E021	10	0	1	1	1	1	1	1	1	1	1	1
BgtCHE96224-E20100	E021	10	0	1	1	1	1	1	1	1	1	1	1
BgtCHE96224-55067	E036	6	4	1	1	1	1	1	0	1	0	0	0
BgtCHE96224-80550	E036	5	5	1	0	1	1	1	0	1	0	0	0
BgtCHE96224-E20051	E021	10	0	1	1	1	1	1	1	1	1	1	1
BgtCHE96224-51327	E021	4	6	1	0	0	0	1	1	1	0	0	0
BgtCHE96224-51329	E001	10	0	1	1	1	1	1	1	1	1	1	1
BgtCHE96224-100880	E3	10	0	1	1	1	1	1	1	1	1	1	1
BgtCHE96224-51494	E016	10	0	1	1	1	1	1	1	1	1	1	1
BgtCHE96224-E5816	E062	10	0	1	1	1	1	1	1	1	1	1	1
BgtCHE96224-E5909	E038	10	0	1	1	1	1	1	1	1	1	1	1
BgtCHE96224-55055	E038	9	1	1	1	1	1	1	0	1	1	1	1
BgtCHE96224-E20087	E038	10	0	1	1	1	1	1	1	1	1	1	1
BgtCHE96224-Ac31568	E011	10	0	1	1	1	1	1	1	1	1	1	1
BgtCHE96224-E10137	E038	9	1	1	1	1	1	1	1	1	1	1	0
BgtCHE96224-80402	E016	10	0	1	1	1	1	1	1	1	1	1	1
BgtCHE96224-3484	E130	10	0	1	1	1	1	1	1	1	1	1	1
BgtCHE96224-50421	E050	6	4	1	1	0	0	0	1	0	1	1	1
BgtCHE96224-50418	E050	8	2	1	1	1	1	1	0	1	1	1	0
BgtCHE96224-50289	E050	1	9	1	0	0	0	0	0	0	0	0	0
BgtCHE96224-E20060	E033	10	0	1	1	1	1	1	1	1	1	1	1
BgtCHE96224-E5826	E050	10	0	1	1	1	1	1	1	1	1	1	1
BgtCHE96224-BCG12	E076	10	0	1	1	1	1	1	1	1	1	1	1
BgtCHE96224-E5638	E168	10	0	1	1	1	1	1	1	1	1	1	1
BgtCHE96224-E20106	E025	10	0	1	1	1	1	1	1	1	1	1	1
BgtCHE96224-E10121	E025	10	0	1	1	1	1	1	1	1	1	1	1
BgtCHE96224-AcSP30622	E076	10	0	1	1	1	1	1	1	1	1	1	1
BgtCHE96224-BCG13	E076	10	0	1	1	1	1	1	1	1	1	1	1
BgtCHE96224-BCG3	E020	10	0	1	1	1	1	1	1	1	1	1	1
BgtCHE96224-AcSP30403	E082	10	0	1	1	1	1	1	1	1	1	1	1
BgtCHE96224-BCG2	E020	1	9	1	0	0	0	0	0	0	0	0	0
BgtCHE96224-BCG1	E020	10	0	1	1	1	1	1	1	1	1	1	1
BgtCHE96224-BCG6	E020	9	1	1	1	1	1	1	1	1	0	1	1
BgtCHE96224-BCG9	E020	10	0	1	1	1	1	1	1	1	1	1	1
BgtCHE96224-BCG5	E020	10	0	1	1	1	1	1	1	1	1	1	1
BgtCHE96224-BCG7	E020	10	0	1	1	1	1	1	1	1	1	1	1
BgtCHE96224-BCG11	E020	10	0	1	1	1	1	1	1	1	1	1	1
BgtCHE96224-BCG10	E020	10	0	1	1	1	1	1	1	1	1	1	1
BgtCHE96224-BCG4	E020	10	0	1	1	1	1	1	1	1	1	1	1
BgtCHE96224-BCG8	E020	8	2	1	1	0	1	1	1	1	1	1	0
BgtCHE96224-BCG14	E020	10	0	1	1	1	1	1	1	1	1	1	1
BgtCHE96224-70112	E003	1	9	1	0	0	0	0	0	0	0	0	0
BgtCHE96224-E5901	E014	9	1	1	1	1	1	1	1	1	1	0	1
BgtCHE96224-51799	E003	10	0	1	1	1	1	1	1	1	1	1	1
BgtCHE96224-E20047	E003	10	0	1	1	1	1	1	1	1	1	1	1
BgtCHE96224-55137	E003	10	0	1	1	1	1	1	1	1	1	1	1
BgtCHE96224-E20046	E003	10	0	1	1	1	1	1	1	1	1	1	1
BgtCHE96224-E20045	E003	9	1	1	1	1	1	1	1	1	1	1	0
BgtCHE96224-51771	E003	10	0	1	1	1	1	1	1	1	1	1	1
BgtCHE96224-E10001	E030	10	0	1	1	1	1	1	1	1	1	1	1
BgtCHE96224-852	E070	10	0	1	1	1	1	1	1	1	1	1	1
BgtCHE96224-Ac31526	E001	10	0	1	1	1	1	1	1	1	1	1	1
BgtCHE96224-Ac30103	E001	10	0	1	1	1	1	1	1	1	1	1	1
BgtCHE96224-E5820	E110	10	0	1	1	1	1	1	1	1	1	1	1
BgtCHE96224-50202	E016	10	0	1	1	1	1	1	1	1	1	1	1
BgtCHE96224-E5965	E057	10	0	1	1	1	1	1	1	1	1	1	1
BgtCHE96224-E5539	E032	10	0	1	1	1	1	1	1	1	1	1	1
BgtCHE96224-E5538	E160	10	0	1	1	1	1	1	1	1	1	1	1
BgtCHE96224-50201	E077	10	0	1	1	1	1	1	1	1	1	1	1
BgtCHE96224-70005	E077	10	0	1	1	1	1	1	1	1	1	1	1
BgtCHE96224-80137	E032	10	0	1	1	1	1	1	1	1	1	1	1
BgtCHE96224-70006	E032	10	0	1	1	1	1	1	1	1	1	1	1
BgtCHE96224-E20120	E032	9	1	1	1	1	1	1	1	1	1	1	0
BgtCHE96224-70007	E032	7	3	1	1	0	1	1	1	1	0	1	0
BgtCHE96224-E10129	E077	10	0	1	1	1	1	1	1	1	1	1	1
BgtCHE96224-E20077	E077	10	0	1	1	1	1	1	1	1	1	1	1
BgtCHE96224-AcSP30596	E179	10	0	1	1	1	1	1	1	1	1	1	1
BgtCHE96224-501	E053	10	0	1	1	1	1	1	1	1	1	1	1
BgtCHE96224-E5991	E140	10	0	1	1	1	1	1	1	1	1	1	1
BgtCHE96224-E10131	E005	10	0	1	1	1	1	1	1	1	1	1	1
BgtCHE96224-3097	E126	10	0	1	1	1	1	1	1	1	1	1	1
BgtCHE96224-55093	E016	10	0	1	1	1	1	1	1	1	1	1	1
BgtCHE96224-55111	E016	10	0	1	1	1	1	1	1	1	1	1	1
BgtCHE96224-80143	E016	10	0	1	1	1	1	1	1	1	1	1	1
BgtCHE96224-ASP21248	E178	10	0	1	1	1	1	1	1	1	1	1	1
BgtCHE96224-1828	E107	10	0	1	1	1	1	1	1	1	1	1	1
BgtCHE96224-50244	E001	10	0	1	1	1	1	1	1	1	1	1	1
BgtCHE96224-70107	E012	1	9	1	0	0	0	0	0	0	0	0	0
BgtCHE96224-70106	E012	10	0	1	1	1	1	1	1	1	1	1	1
BgtCHE96224-55109	E053	7	3	1	1	0	0	1	1	1	1	1	0
BgtCHE96224-55048	E053	1	9	1	0	0	0	0	0	0	0	0	0
BgtCHE96224-55119	E053	6	4	1	1	1	1	0	0	0	1	1	0
BgtCHE96224-55041	E053	3	7	1	0	0	0	0	0	1	0	0	1
BgtCHE96224-ASP21508	E053	9	1	1	1	1	1	1	1	0	1	1	1
BgtCHE96224-ASP20340	E053	10	0	1	1	1	1	1	1	1	1	1	1
BgtCHE96224-E10014	E080	1	9	1	0	0	0	0	0	0	0	0	0
BgtCHE96224-55072	E080	10	0	1	1	1	1	1	1	1	1	1	1
BgtCHE96224-E5658	E169	10	0	1	1	1	1	1	1	1	1	1	1
BgtCHE96224-1592	E2	10	0	1	1	1	1	1	1	1	1	1	1
BgtCHE96224-E20086	E004	10	0	1	1	1	1	1	1	1	1	1	1
BgtCHE96224-A20229	E1	10	0	1	1	1	1	1	1	1	1	1	1
BgtCHE96224-E5659	E059	10	0	1	1	1	1	1	1	1	1	1	1
BgtCHE96224-E5660	E059	10	0	1	1	1	1	1	1	1	1	1	1
BgtCHE96224-55096	E186	4	6	1	0	1	0	1	1	0	0	0	0
BgtCHE96224-51383	E016	10	0	1	1	1	1	1	1	1	1	1	1
BgtCHE96224-E10101	E170	10	0	1	1	1	1	1	1	1	1	1	1
BgtCHE96224-E20117	E171	10	0	1	1	1	1	1	1	1	1	1	1
BgtCHE96224-E20025	E014	10	0	1	1	1	1	1	1	1	1	1	1
BgtCHE96224-E5665	E014	10	0	1	1	1	1	1	1	1	1	1	1
BgtCHE96224-E20026	E014	9	1	1	1	1	1	1	1	1	1	1	0
BgtCHE96224-E5979	E038	10	0	1	1	1	1	1	1	1	1	1	1
BgtCHE96224-55118	E016	10	0	1	1	1	1	1	1	1	1	1	1
BgtCHE96224-51504	E038	1	9	1	0	0	0	0	0	0	0	0	0
BgtCHE96224-51503	E038	10	0	1	1	1	1	1	1	1	1	1	1
BgtCHE96224-E5664	E014	10	0	1	1	1	1	1	1	1	1	1	1
BgtCHE96224-E20028	E005	10	0	1	1	1	1	1	1	1	1	1	1
BgtCHE96224-51500	E005	10	0	1	1	1	1	1	1	1	1	1	1
BgtCHE96224-E5567	E005	10	0	1	1	1	1	1	1	1	1	1	1
BgtCHE96224-AcSP31411	E005	10	0	1	1	1	1	1	1	1	1	1	1
BgtCHE96224-E5668	E005	10	0	1	1	1	1	1	1	1	1	1	1
BgtCHE96224-50038	E008	4	6	1	1	0	0	0	1	1	0	0	0
BgtCHE96224-20382	E008	1	9	1	0	0	0	0	0	0	0	0	0
BgtCHE96224-E20063	E036	9	1	1	1	1	1	1	1	1	1	1	0
BgtCHE96224-4376	E145	10	0	1	1	1	1	1	1	1	1	1	1
BgtCHE96224-E5918	E004	7	3	1	1	1	1	1	0	0	1	0	1
BgtCHE96224-E5919	E004	9	1	1	1	1	1	1	1	1	1	1	0
BgtCHE96224-E20035	E003	9	1	1	1	1	1	1	1	1	1	1	0
BgtCHE96224-4375	E031	10	0	1	1	1	1	1	1	1	1	1	1
BgtCHE96224-E5861	E062	1	9	1	0	0	0	0	0	0	0	0	0
BgtCHE96224-55087	E062	10	0	1	1	1	1	1	1	1	1	1	1
BgtCHE96224-Ac30970	E001	10	0	1	1	1	1	1	1	1	1	1	1
BgtCHE96224-A20425	E007	1	9	1	0	0	0	0	0	0	0	0	0
BgtCHE96224-E5715	E015	10	0	1	1	1	1	1	1	1	1	1	1
BgtCHE96224-E5715-2	E015	10	0	1	1	1	1	1	1	1	1	1	1
BgtCHE96224-Ac31225	E015	10	0	1	1	1	1	1	1	1	1	1	1
BgtCHE96224-A21224	E007	10	0	1	1	1	1	1	1	1	1	1	1
BgtCHE96224-E5867	E003	1	9	1	0	0	0	0	0	0	0	0	0
BgtCHE96224-55088	E003	10	0	1	1	1	1	1	1	1	1	1	1
BgtCHE96224-80524	E003	9	1	1	1	1	1	1	1	1	1	1	0
BgtCHE96224-80162	E003	10	0	1	1	1	1	1	1	1	1	1	1
BgtCHE96224-55136	E024	6	4	1	1	0	0	1	0	1	1	1	0
BgtCHE96224-1445	E104	10	0	1	1	1	1	1	1	1	1	1	1
BgtCHE96224-55135	E024	10	0	1	1	1	1	1	1	1	1	1	1
BgtCHE96224-E5713	E001	10	0	1	1	1	1	1	1	1	1	1	1
BgtCHE96224-E5710	E024	10	0	1	1	1	1	1	1	1	1	1	1
BgtCHE96224-E20037	E003	10	0	1	1	1	1	1	1	1	1	1	1
BgtCHE96224-51912	E003	9	1	1	1	1	1	1	1	1	1	1	0
BgtCHE96224-E5709	E024	10	0	1	1	1	1	1	1	1	1	1	1
BgtCHE96224-avrF212	E008	10	0	1	1	1	1	1	1	1	1	1	1
BgtCHE96224-E5703	E001	10	0	1	1	1	1	1	1	1	1	1	1
BgtCHE96224-E5704	E177	10	0	1	1	1	1	1	1	1	1	1	1
BgtCHE96224-E5707	E001	10	0	1	1	1	1	1	1	1	1	1	1
BgtCHE96224-51915	E001	7	3	1	1	0	0	1	0	1	1	1	1
BgtCHE96224-51917	E001	4	6	1	0	1	1	0	1	0	0	0	0
BgtCHE96224-A20740	E001	10	0	1	1	1	1	1	1	1	1	1	1
BgtCHE96224-50535	E001	10	0	1	1	1	1	1	1	1	1	1	1
BgtCHE96224-E5769	E001	10	0	1	1	1	1	1	1	1	1	1	1
BgtCHE96224-Ac30634	E001	10	0	1	1	1	1	1	1	1	1	1	1
BgtCHE96224-E5645	E019	10	0	1	1	1	1	1	1	1	1	1	1
BgtCHE96224-E5692	E019	10	0	1	1	1	1	1	1	1	1	1	1
BgtCHE96224-55142	E019	10	0	1	1	1	1	1	1	1	1	1	1
BgtCHE96224-E5690	E019	10	0	1	1	1	1	1	1	1	1	1	1
BgtCHE96224-E20103	E019	2	8	1	0	0	0	0	1	0	0	0	0
BgtCHE96224-55143	E019	10	0	1	1	1	1	1	1	1	1	1	1
BgtCHE96224-E10127	E019	10	0	1	1	1	1	1	1	1	1	1	1
BgtCHE96224-E10012	E001	10	0	1	1	1	1	1	1	1	1	1	1
BgtCHE96224-Ac30796	E001	10	0	1	1	1	1	1	1	1	1	1	1
BgtCHE96224-E6030	E001	10	0	1	1	1	1	1	1	1	1	1	1
BgtCHE96224-70077	E001	10	0	1	1	1	1	1	1	1	1	1	1
BgtCHE96224-55095	E001	2	8	1	1	0	0	0	0	0	0	0	0
BgtCHE96224-AcSP31200	E001	10	0	1	1	1	1	1	1	1	1	1	1
BgtCHE96224-2483	E072	10	0	1	1	1	1	1	1	1	1	1	1
BgtCHE96224-55035	E001	2	8	1	0	0	0	1	0	0	0	0	0
BgtCHE96224-50633	E001	10	0	1	1	1	1	1	1	1	1	1	1
BgtCHE96224-E5550	E032	10	0	1	1	1	1	1	1	1	1	1	1
BgtCHE96224-E5679	E032	10	0	1	1	1	1	1	1	1	1	1	1
BgtCHE96224-51429	E008	9	1	1	1	1	1	1	1	1	1	1	0
BgtCHE96224-20878	E186	10	0	1	1	1	1	1	1	1	1	1	1
BgtCHE96224-E5980	E004	10	0	1	1	1	1	1	1	1	1	1	1
BgtCHE96224-50587	E050	1	9	1	0	0	0	0	0	0	0	0	0
BgtCHE96224-E5981	E004	9	1	1	1	1	1	1	1	1	1	1	0
BgtCHE96224-E10102	E001	10	0	1	1	1	1	1	1	1	1	1	1
BgtCHE96224-60052	E013	10	0	1	1	1	1	1	1	1	1	1	1
BgtCHE96224-E5763-3	E013	9	1	1	1	1	1	1	1	1	1	1	0
BgtCHE96224-70078	E013	10	0	1	1	1	1	1	1	1	1	1	1
BgtCHE96224-Ac30687	E013	1	9	1	0	0	0	0	0	0	0	0	0
BgtCHE96224-Ac30459	E013	10	0	1	1	1	1	1	1	1	1	1	1
BgtCHE96224-50574	E013	10	0	1	1	1	1	1	1	1	1	1	1
BgtCHE96224-A21509	E013	7	3	1	1	0	0	1	0	1	1	1	1
BgtCHE96224-E5764	E182	10	0	1	1	1	1	1	1	1	1	1	1
BgtCHE96224-51458	E013	10	0	1	1	1	1	1	1	1	1	1	1
BgtCHE96224-E20002	E018	10	0	1	1	1	1	1	1	1	1	1	1
BgtCHE96224-51460	E018	9	1	1	1	1	1	1	1	1	1	1	0
BgtCHE96224-55150	E018	9	1	1	1	1	1	1	1	1	1	1	0
BgtCHE96224-E5765	E108	10	0	1	1	1	1	1	1	1	1	1	1
BgtCHE96224-Ac30847	E038	10	0	1	1	1	1	1	1	1	1	1	1
BgtCHE96224-A20694	E013	10	0	1	1	1	1	1	1	1	1	1	1
BgtCHE96224-51704	E018	10	0	1	1	1	1	1	1	1	1	1	1
BgtCHE96224-E5677	E059	10	0	1	1	1	1	1	1	1	1	1	1
BgtCHE96224-ASP20071	E141	10	0	1	1	1	1	1	1	1	1	1	1
BgtCHE96224-4847	E3	10	0	1	1	1	1	1	1	1	1	1	1
BgtCHE96224-3240	E128	10	0	1	1	1	1	1	1	1	1	1	1
BgtCHE96224-E5936	E001	10	0	1	1	1	1	1	1	1	1	1	1
BgtCHE96224-E20057	E011	10	0	1	1	1	1	1	1	1	1	1	1
BgtCHE96224-E20076	E081	10	0	1	1	1	1	1	1	1	1	1	1
BgtCHE96224-E3466	E013	10	0	1	1	1	1	1	1	1	1	1	1
BgtCHE96224-51335	E016	10	0	1	1	1	1	1	1	1	1	1	1
BgtCHE96224-E20088	E013	10	0	1	1	1	1	1	1	1	1	1	1
BgtCHE96224-avrF26	E008	9	1	1	1	1	1	1	1	1	1	1	0
BgtCHE96224-55090	E008	9	1	1	1	1	1	1	1	1	1	1	0
BgtCHE96224-50967	E008	1	9	1	0	0	0	0	0	0	0	0	0
BgtCHE96224-51338	E008	2	8	1	0	0	0	0	0	1	0	0	0
BgtCHE96224-55079	E008	4	6	1	1	0	0	1	0	0	0	1	0
BgtCHE96224-avrF210	E008	9	1	1	1	1	1	1	1	1	1	1	0
BgtCHE96224-avrF211	E008	9	1	1	1	1	1	1	1	1	1	1	0
BgtCHE96224-50552	E008	7	3	1	1	1	1	1	0	0	1	1	0
BgtCHE96224-55091	E008	3	7	1	0	0	0	0	1	1	0	0	0
BgtCHE96224-avrF29	E008	6	4	1	1	1	0	1	0	0	1	0	1
BgtCHE96224-avrF223	E008	10	0	1	1	1	1	1	1	1	1	1	1
BgtCHE96224-avrF224	E008	9	1	1	1	1	1	1	1	1	1	1	0
BgtCHE96224-avrF27	E008	9	1	1	1	1	1	1	1	1	1	1	0
BgtCHE96224-avrF22	E008	9	1	1	1	1	1	1	1	1	1	1	0
BgtCHE96224-avrF21	E008	7	3	1	1	1	1	1	0	0	1	1	0
BgtCHE96224-51822	E008	10	0	1	1	1	1	1	1	1	1	1	1
BgtCHE96224-avrF23	E008	10	0	1	1	1	1	1	1	1	1	1	1
BgtCHE96224-ASP21390	E008	10	0	1	1	1	1	1	1	1	1	1	1
BgtCHE96224-Ac30982	E008	10	0	1	1	1	1	1	1	1	1	1	1
BgtCHE96224-45	E1	10	0	1	1	1	1	1	1	1	1	1	1
BgtCHE96224-51185	E039	4	6	1	0	0	0	1	1	0	0	0	1
BgtCHE96224-E10136	E040	10	0	1	1	1	1	1	1	1	1	1	1
BgtCHE96224-51959	E040	10	0	1	1	1	1	1	1	1	1	1	1
BgtCHE96224-E40004	E005	10	0	1	1	1	1	1	1	1	1	1	1
BgtCHE96224-E5559	E040	10	0	1	1	1	1	1	1	1	1	1	1
BgtCHE96224-E20013	E004	10	0	1	1	1	1	1	1	1	1	1	1
BgtCHE96224-80195	E004	10	0	1	1	1	1	1	1	1	1	1	1
BgtCHE96224-55100	E004	10	0	1	1	1	1	1	1	1	1	1	1
BgtCHE96224-Ac30466	E040	10	0	1	1	1	1	1	1	1	1	1	1
BgtCHE96224-ASP20465	E004	10	0	1	1	1	1	1	1	1	1	1	1
BgtCHE96224-E20014	E004	10	0	1	1	1	1	1	1	1	1	1	1
BgtCHE96224-51963	E040	10	0	1	1	1	1	1	1	1	1	1	1
BgtCHE96224-55107	E004	9	1	1	1	1	1	1	1	1	1	1	0
BgtCHE96224-80196	E004	3	7	1	0	0	0	0	1	0	0	0	1
BgtCHE96224-51967	E004	9	1	1	1	1	1	0	1	1	1	1	1
BgtCHE96224-E10132	E004	10	0	1	1	1	1	1	1	1	1	1	1
BgtCHE96224-E5953	E004	9	1	1	1	1	1	1	1	1	1	1	0
BgtCHE96224-E20021	E004	9	1	1	1	1	1	1	1	1	1	1	0
BgtCHE96224-50544	E004	9	1	1	1	1	1	1	1	1	1	1	0
BgtCHE96224-50543	E004	7	3	1	1	0	1	1	1	1	0	1	0
BgtCHE96224-E20039	E004	9	1	1	1	1	1	1	1	1	1	1	0
BgtCHE96224-55134	E004	9	1	1	1	1	1	1	1	1	1	1	0
BgtCHE96224-50398	E004	9	1	1	1	1	1	1	1	1	1	1	0
BgtCHE96224-E20040	E004	9	1	1	1	1	1	1	1	1	1	1	0
BgtCHE96224-E20016	E004	10	0	1	1	1	1	1	1	1	1	1	1
BgtCHE96224-E20017	E004	10	0	1	1	1	1	1	1	1	1	1	1
BgtCHE96224-E5547	E004	9	1	1	1	1	1	1	1	1	1	1	0
BgtCHE96224-AcSP30782	E004	10	0	1	1	1	1	1	1	1	1	1	1
BgtCHE96224-E5612	E004	10	0	1	1	1	1	1	1	1	1	1	1
BgtCHE96224-E20015	E004	10	0	1	1	1	1	1	1	1	1	1	1
BgtCHE96224-E10118	E004	10	0	1	1	1	1	1	1	1	1	1	1
BgtCHE96224-51363	E030	10	0	1	1	1	1	1	1	1	1	1	1
BgtCHE96224-E10110	E030	10	0	1	1	1	1	1	1	1	1	1	1
BgtCHE96224-51359	E030	10	0	1	1	1	1	1	1	1	1	1	1
BgtCHE96224-51357	E030	9	1	1	1	1	1	1	1	1	1	1	0
BgtCHE96224-E10111	E030	10	0	1	1	1	1	1	1	1	1	1	1
BgtCHE96224-E5888	E065	10	0	1	1	1	1	1	1	1	1	1	1
BgtCHE96224-Ac30757	E015	10	0	1	1	1	1	1	1	1	1	1	1
BgtCHE96224-70013	E065	8	2	1	1	1	1	1	0	1	1	1	0
BgtCHE96224-51348	E011	4	6	1	0	0	0	0	1	0	0	1	1
BgtCHE96224-E5694	E001	10	0	1	1	1	1	1	1	1	1	1	1
BgtCHE96224-E5743	E001	10	0	1	1	1	1	1	1	1	1	1	1
BgtCHE96224-E5747	E001	10	0	1	1	1	1	1	1	1	1	1	1
BgtCHE96224-E5642	E001	10	0	1	1	1	1	1	1	1	1	1	1
BgtCHE96224-E10112	E001	10	0	1	1	1	1	1	1	1	1	1	1
BgtCHE96224-E5745	E001	9	1	1	1	1	1	1	1	1	1	1	0
BgtCHE96224-E5639	E001	10	0	1	1	1	1	1	1	1	1	1	1
BgtCHE96224-50627	E001	8	2	1	1	0	1	1	1	0	1	1	1
BgtCHE96224-50630	E001	5	5	1	0	0	0	1	1	0	0	1	1
BgtCHE96224-1032	E096	10	0	1	1	1	1	1	1	1	1	1	1
BgtCHE96224-50617	E001	10	0	1	1	1	1	1	1	1	1	1	1
BgtCHE96224-3979	E139	10	0	1	1	1	1	1	1	1	1	1	1
BgtCHE96224-E20062	E025	10	0	1	1	1	1	1	1	1	1	1	1
BgtCHE96224-AcSP31267	E001	10	0	1	1	1	1	1	1	1	1	1	1
BgtCHE96224-80202	E001	10	0	1	1	1	1	1	1	1	1	1	1
BgtCHE96224-51164	E001	2	8	1	0	1	0	0	0	0	0	0	0
BgtCHE96224-51151	E001	10	0	1	1	1	1	1	1	1	1	1	1
BgtCHE96224-AcSP31400	E001	10	0	1	1	1	1	1	1	1	1	1	1
BgtCHE96224-E5543	E022	10	0	1	1	1	1	1	1	1	1	1	1
BgtCHE96224-E5634	E001	10	0	1	1	1	1	1	1	1	1	1	1
BgtCHE96224-1348	E102	10	0	1	1	1	1	1	1	1	1	1	1
BgtCHE96224-55104	E022	1	9	1	0	0	0	0	0	0	0	0	0
BgtCHE96224-55034	E022	10	0	1	1	1	1	1	1	1	1	1	1
BgtCHE96224-E10003	E033	10	0	1	1	1	1	1	1	1	1	1	1
BgtCHE96224-E10116	E033	10	0	1	1	1	1	1	1	1	1	1	1
BgtCHE96224-E20074	E033	9	1	1	1	1	1	1	1	1	1	1	0
BgtCHE96224-50513	E033	9	1	1	1	1	1	1	1	1	0	1	1
BgtCHE96224-50516	E033	9	1	1	1	1	1	1	1	1	1	1	0
BgtCHE96224-80207	E033	1	9	1	0	0	0	0	0	0	0	0	0
BgtCHE96224-E5781	E033	9	1	1	1	1	1	1	1	1	1	1	0
BgtCHE96224-50669	E212	10	0	1	1	1	1	1	1	1	1	1	1
BgtCHE96224-55077	E003	4	6	1	0	0	1	1	0	0	0	0	1
BgtCHE96224-AcSP31310	E003	9	1	1	1	1	1	1	1	1	1	1	0
BgtCHE96224-55065	E003	10	0	1	1	1	1	1	1	1	1	1	1
BgtCHE96224-avrF217	E018	9	1	1	1	1	1	1	1	1	1	1	0
BgtCHE96224-E20007	E018	10	0	1	1	1	1	1	1	1	1	1	1
BgtCHE96224-E3962	E137	10	0	1	1	1	1	1	1	1	1	1	1
BgtCHE96224-avrF222	E008	10	0	1	1	1	1	1	1	1	1	1	1
BgtCHE96224-489	E158	10	0	1	1	1	1	1	1	1	1	1	1
BgtCHE96224-E5843	E014	8	2	1	1	1	1	1	0	1	1	1	0
BgtCHE96224-E5842	E014	10	0	1	1	1	1	1	1	1	1	1	1
BgtCHE96224-E5845	E014	9	1	1	1	1	0	1	1	1	1	1	1
BgtCHE96224-E5846	E014	9	1	1	1	1	1	1	1	1	1	1	0
BgtCHE96224-AcSP30091	E014	10	0	1	1	1	1	1	1	1	1	1	1
BgtCHE96224-ASP20468	E165	10	0	1	1	1	1	1	1	1	1	1	1
BgtCHE96224-E5984	E001	10	0	1	1	1	1	1	1	1	1	1	1
BgtCHE96224-E5944	E004	10	0	1	1	1	1	1	1	1	1	1	1
BgtCHE96224-E20020	E004	10	0	1	1	1	1	1	1	1	1	1	1
BgtCHE96224-51992	E004	10	0	1	1	1	1	1	1	1	1	1	1
BgtCHE96224-E20019	E004	9	1	1	1	1	1	1	1	1	1	1	0
BgtCHE96224-55070	E004	3	7	1	1	0	0	0	0	0	0	1	0
BgtCHE96224-E20018	E004	1	9	1	0	0	0	0	0	0	0	0	0
BgtCHE96224-E10126	E004	10	0	1	1	1	1	1	1	1	1	1	1
BgtCHE96224-E20034	E003	10	0	1	1	1	1	1	1	1	1	1	1
BgtCHE96224-E4403	E003	10	0	1	1	1	1	1	1	1	1	1	1
BgtCHE96224-70080	E001	10	0	1	1	1	1	1	1	1	1	1	1
BgtCHE96224-70081	E001	10	0	1	1	1	1	1	1	1	1	1	1
BgtCHE96224-51077	E016	10	0	1	1	1	1	1	1	1	1	1	1
BgtCHE96224-51083	E001	10	0	1	1	1	1	1	1	1	1	1	1
BgtCHE96224-A20598	E001	10	0	1	1	1	1	1	1	1	1	1	1
BgtCHE96224-55027	E016	10	0	1	1	1	1	1	1	1	1	1	1
BgtCHE96224-Ac30750	E001	10	0	1	1	1	1	1	1	1	1	1	1
BgtCHE96224-2588	E079	10	0	1	1	1	1	1	1	1	1	1	1
BgtCHE96224-55126	E064	10	0	1	1	1	1	1	1	1	1	1	1
BgtCHE96224-80234	E016	9	1	1	1	1	1	1	0	1	1	1	1
BgtCHE96224-AcSP31269	E048	10	0	1	1	1	1	1	1	1	1	1	1
BgtCHE96224-55071	E048	5	5	1	1	0	1	0	0	1	0	1	0
BgtCHE96224-55073	E048	1	9	1	0	0	0	0	0	0	0	0	0
BgtCHE96224-55074	E048	1	9	1	0	0	0	0	0	0	0	0	0
BgtCHE96224-55075	E048	1	9	1	0	0	0	0	0	0	0	0	0
BgtCHE96224-ASP20337	E084	10	0	1	1	1	1	1	1	1	1	1	1
BgtCHE96224-E5993	E052	10	0	1	1	1	1	1	1	1	1	1	1
BgtCHE96224-E5924	E052	10	0	1	1	1	1	1	1	1	1	1	1
BgtCHE96224-E5927	E052	10	0	1	1	1	1	1	1	1	1	1	1
BgtCHE96224-50590	E050	9	1	1	1	1	1	1	1	1	1	1	0
BgtCHE96224-E5923	E123	10	0	1	1	1	1	1	1	1	1	1	1
BgtCHE96224-E20068	E032	10	0	1	1	1	1	1	1	1	1	1	1
BgtCHE96224-50261	E032	10	0	1	1	1	1	1	1	1	1	1	1
BgtCHE96224-50263	E032	8	2	1	1	1	1	1	0	1	0	1	1
BgtCHE96224-AcSP30305	E048	10	0	1	1	1	1	1	1	1	1	1	1
BgtCHE96224-Ac30087	E048	10	0	1	1	1	1	1	1	1	1	1	1
BgtCHE96224-5608	E217	10	0	1	1	1	1	1	1	1	1	1	1
BgtCHE96224-E5607_reanotated	E164	10	0	1	1	1	1	1	1	1	1	1	1
BgtCHE96224-E20071	E047	1	9	1	0	0	0	0	0	0	0	0	0
BgtCHE96224-55024	E047	1	9	1	0	0	0	0	0	0	0	0	0
BgtCHE96224-55026	E047	1	9	1	0	0	0	0	0	0	0	0	0
BgtCHE96224-55032	E047	1	9	1	0	0	0	0	0	0	0	0	0
BgtCHE96224-55025	E047	10	0	1	1	1	1	1	1	1	1	1	1
BgtCHE96224-55132	E045	9	1	1	1	1	1	1	1	1	1	1	0
BgtCHE96224-ASP20209	E163	10	0	1	1	1	1	1	1	1	1	1	1
BgtCHE96224-51418	E045	7	3	1	1	1	1	1	0	0	1	1	0
BgtCHE96224-55066	E045	8	2	1	1	1	1	1	0	1	1	1	0
BgtCHE96224-E20067	E045	10	0	1	1	1	1	1	1	1	1	1	1
BgtCHE96224-51420	E045	10	0	1	1	1	1	1	1	1	1	1	1
BgtCHE96224-51425	E045	10	0	1	1	1	1	1	1	1	1	1	1
BgtCHE96224-A21102	E2	10	0	1	1	1	1	1	1	1	1	1	1
BgtCHE96224-E10128	E001	10	0	1	1	1	1	1	1	1	1	1	1
BgtCHE96224-E5989	E001	10	0	1	1	1	1	1	1	1	1	1	1
BgtCHE96224-E5605	E001	7	3	1	1	0	1	1	1	1	0	1	0
BgtCHE96224-51409	E057	9	1	1	1	1	1	1	1	0	1	1	1
BgtCHE96224-E20004	E055	10	0	1	1	1	1	1	1	1	1	1	1
BgtCHE96224-E20105	E055	10	0	1	1	1	1	1	1	1	1	1	1
BgtCHE96224-E5913	E055	10	0	1	1	1	1	1	1	1	1	1	1
BgtCHE96224-20984	E210	10	0	1	1	1	1	1	1	1	1	1	1
BgtCHE96224-51175	E011	10	0	1	1	1	1	1	1	1	1	1	1
BgtCHE96224-178	E156	10	0	1	1	1	1	1	1	1	1	1	1
BgtCHE96224-E5996	E143	10	0	1	1	1	1	1	1	1	1	1	1
BgtCHE96224-80590	E186	10	0	1	1	1	1	1	1	1	1	1	1
BgtCHE96224-51183	E039	10	0	1	1	1	1	1	1	1	1	1	1
BgtCHE96224-51188	E039	1	9	1	0	0	0	0	0	0	0	0	0
BgtCHE96224-55053	E047	8	2	1	1	1	1	1	0	1	1	1	0
BgtCHE96224-55056	E047	8	2	1	0	1	1	0	1	1	1	1	1
BgtCHE96224-55140	E039	1	9	1	0	0	0	0	0	0	0	0	0
BgtCHE96224-55139	E039	8	2	1	1	1	1	1	0	1	1	1	0
BgtCHE96224-70114	E047	1	9	1	0	0	0	0	0	0	0	0	0
BgtCHE96224-3534	E131	10	0	1	1	1	1	1	1	1	1	1	1
BgtCHE96224-51469	E047	10	0	1	1	1	1	1	1	1	1	1	1
BgtCHE96224-E5818	E109	10	0	1	1	1	1	1	1	1	1	1	1
BgtCHE96224-55047	E003	7	3	1	1	1	1	1	1	0	1	0	0
BgtCHE96224-55130	E003	9	1	1	1	1	1	1	1	1	1	1	0
BgtCHE96224-2498-2	E111	10	0	1	1	1	1	1	1	1	1	1	1
BgtCHE96224-20316	E207	10	0	1	1	1	1	1	1	1	1	1	1
BgtCHE96224-2970	E121	10	0	1	1	1	1	1	1	1	1	1	1
BgtCHE96224-Ac31414	E001	10	0	1	1	1	1	1	1	1	1	1	1
BgtCHE96224-2778	E116	10	0	1	1	1	1	1	1	1	1	1	1
BgtCHE96224-50179	E016	10	0	1	1	1	1	1	1	1	1	1	1
BgtCHE96224-4719	E3	10	0	1	1	1	1	1	1	1	1	1	1
BgtCHE96224-50888	E012	1	9	1	0	0	0	0	0	0	0	0	0
BgtCHE96224-55001	E012	10	0	1	1	1	1	1	1	1	1	1	1
BgtCHE96224-AcSP30464	E175	10	0	1	1	1	1	1	1	1	1	1	1
BgtCHE96224-2525	E112	10	0	1	1	1	1	1	1	1	1	1	1
BgtCHE96224-E5784	E021	10	0	1	1	1	1	1	1	1	1	1	1
BgtCHE96224-E5632	E011	10	0	1	1	1	1	1	1	1	1	1	1
BgtCHE96224-Ac30027	E001	10	0	1	1	1	1	1	1	1	1	1	1
BgtCHE96224-Ac30026	E001	9	1	1	1	1	1	1	0	1	1	1	1
BgtCHE96224-Ac30163	E001	10	0	1	1	1	1	1	1	1	1	1	1
BgtCHE96224-5120	E3	10	0	1	1	1	1	1	1	1	1	1	1
BgtCHE96224-Ac30169	E001	10	0	1	1	1	1	1	1	1	1	1	1
BgtCHE96224-E5629	E001	10	0	1	1	1	1	1	1	1	1	1	1
BgtCHE96224-E5630	E167	10	0	1	1	1	1	1	1	1	1	1	1
BgtCHE96224-51763	E016	10	0	1	1	1	1	1	1	1	1	1	1
BgtCHE96224-55094	E020	10	0	1	1	1	1	1	1	1	1	1	1
BgtCHE96224-50835	E011	8	2	1	1	1	1	1	0	1	1	1	0
BgtCHE96224-55064	E011	6	4	1	1	0	0	1	0	1	1	1	0
BgtCHE96224-E5627	E011	8	2	1	1	1	1	1	1	1	0	0	1
BgtCHE96224-E5906	E011	10	0	1	1	1	1	1	1	1	1	1	1
BgtCHE96224-E20052	E011	10	0	1	1	1	1	1	1	1	1	1	1
BgtCHE96224-E5625	E011	10	0	1	1	1	1	1	1	1	1	1	1
BgtCHE96224-50185	E011	8	2	1	1	1	1	1	1	0	0	1	1
BgtCHE96224-E20053	E011	10	0	1	1	1	1	1	1	1	1	1	1
BgtCHE96224-55129	E011	1	9	1	0	0	0	0	0	0	0	0	0
BgtCHE96224-E20054	E011	10	0	1	1	1	1	1	1	1	1	1	1
BgtCHE96224-50457	E011	9	1	1	1	1	1	1	1	1	1	1	0
BgtCHE96224-50459	E011	1	9	1	0	0	0	0	0	0	0	0	0
BgtCHE96224-50460	E011	10	0	1	1	1	1	1	1	1	1	1	1
BgtCHE96224-50462	E011	9	1	1	1	1	1	1	1	1	1	1	0
BgtCHE96224-Ac30509	E007	10	0	1	1	1	1	1	1	1	1	1	1
BgtCHE96224-A21331	E001	9	1	1	1	1	1	1	1	1	1	1	0
BgtCHE96224-AcSP30120	E013	10	0	1	1	1	1	1	1	1	1	1	1
BgtCHE96224-E5624	E166	10	0	1	1	1	1	1	1	1	1	1	1
BgtCHE96224-20371	E004	1	9	1	0	0	0	0	0	0	0	0	0
BgtCHE96224-70054	E004	10	0	1	1	1	1	1	1	1	1	1	1
BgtCHE96224-51528	E214	10	0	1	1	1	1	1	1	1	1	1	1
BgtCHE96224-51525	E004	10	0	1	1	1	1	1	1	1	1	1	1
BgtCHE96224-51523	E004	10	0	1	1	1	1	1	1	1	1	1	1
BgtCHE96224-51526	E004	1	9	1	0	0	0	0	0	0	0	0	0
BgtCHE96224-AcSP30824	E004	9	1	1	1	1	1	1	1	1	1	1	0
BgtCHE96224-AcSP31023	E004	10	0	1	1	1	1	1	1	1	1	1	1
BgtCHE96224-E20083	E015	10	0	1	1	1	1	1	1	1	1	1	1
BgtCHE96224-A20600	E015	10	0	1	1	1	1	1	1	1	1	1	1
BgtCHE96224-51521	E015	7	3	1	1	0	1	1	0	1	1	1	0
BgtCHE96224-80526	E015	7	3	1	1	0	1	1	0	1	1	1	0
BgtCHE96224-AcSP31482	E015	8	2	1	1	0	1	1	0	1	1	1	1
BgtCHE96224-E20127-2	E015	9	1	1	1	1	1	1	0	1	1	1	1
BgtCHE96224-E20127	E015	9	1	1	1	1	1	1	1	1	1	1	0
BgtCHE96224-51568	E015	10	0	1	1	1	1	1	1	1	1	1	1
BgtCHE96224-ASP20408	E015	10	0	1	1	1	1	1	1	1	1	1	1
BgtCHE96224-51569	E003	10	0	1	1	1	1	1	1	1	1	1	1
BgtCHE96224-51574	E015	10	0	1	1	1	1	1	1	1	1	1	1
BgtCHE96224-AcSP30419	E015	10	0	1	1	1	1	1	1	1	1	1	1
BgtCHE96224-A21525	E015	10	0	1	1	1	1	1	1	1	1	1	1
BgtCHE96224-E5738	E015	9	1	1	1	1	1	1	1	1	1	1	0
BgtCHE96224-51577	E015	2	8	1	0	0	0	0	0	1	0	0	0
BgtCHE96224-80645	E015	4	6	1	0	0	0	0	1	0	1	1	0
BgtCHE96224-51575	E015	4	6	1	0	0	0	0	1	0	1	1	0
BgtCHE96224-50068	E015	9	1	1	1	1	1	1	1	1	1	1	0
BgtCHE96224-avrF215	E008	10	0	1	1	1	1	1	1	1	1	1	1
BgtCHE96224-E5740	E061	10	0	1	1	1	1	1	1	1	1	1	1
BgtCHE96224-AcSP31194	E061	10	0	1	1	1	1	1	1	1	1	1	1
BgtCHE96224-Ac31195	E061	10	0	1	1	1	1	1	1	1	1	1	1
BgtCHE96224-Ac31196	E061	10	0	1	1	1	1	1	1	1	1	1	1
BgtCHE96224-E3419	E003	8	2	1	1	1	1	1	0	0	1	1	1
BgtCHE96224-avrF28	E008	10	0	1	1	1	1	1	1	1	1	1	1
BgtCHE96224-E10124	E014	10	0	1	1	1	1	1	1	1	1	1	1
BgtCHE96224-20374	E034	10	0	1	1	1	1	1	1	1	1	1	1
BgtCHE96224-E3136	E034	10	0	1	1	1	1	1	1	1	1	1	1
BgtCHE96224-E5922	E034	10	0	1	1	1	1	1	1	1	1	1	1
BgtCHE96224-E5921	E034	10	0	1	1	1	1	1	1	1	1	1	1
BgtCHE96224-E20069a	E034	8	2	1	1	1	1	1	0	1	1	1	0
BgtCHE96224-E20069b	E034	10	0	1	1	1	1	1	1	1	1	1	1
BgtCHE96224-E5883	E034	9	1	1	1	1	1	1	1	1	1	1	0
BgtCHE96224-20383	E124	10	0	1	1	1	1	1	1	1	1	1	1
BgtCHE96224-E20104	E125	10	0	1	1	1	1	1	1	1	1	1	1
BgtCHE96224-50655	E075	1	9	1	0	0	0	0	0	0	0	0	0
BgtCHE96224-E20078	E075	10	0	1	1	1	1	1	1	1	1	1	1
BgtCHE96224-E20080	E075	10	0	1	1	1	1	1	1	1	1	1	1
BgtCHE96224-ASP20571	E022	10	0	1	1	1	1	1	1	1	1	1	1
BgtCHE96224-50650	E067	10	0	1	1	1	1	1	1	1	1	1	1
BgtCHE96224-E5563	E028	10	0	1	1	1	1	1	1	1	1	1	1
BgtCHE96224-E5564	E067	10	0	1	1	1	1	1	1	1	1	1	1
BgtCHE96224-E5999	E147	10	0	1	1	1	1	1	1	1	1	1	1
BgtCHE96224-2940	E120	10	0	1	1	1	1	1	1	1	1	1	1
BgtCHE96224-3168	E127	10	0	1	1	1	1	1	1	1	1	1	1
BgtCHE96224-3684	E132	10	0	1	1	1	1	1	1	1	1	1	1
BgtCHE96224-50846	E028	10	0	1	1	1	1	1	1	1	1	1	1
BgtCHE96224-55015	E016	10	0	1	1	1	1	1	1	1	1	1	1
BgtCHE96224-55003	E028	9	1	1	1	1	1	1	1	1	1	0	1
BgtCHE96224-55021	E028	6	4	1	1	1	0	0	1	0	0	1	1
BgtCHE96224-51235	E028	5	5	1	0	0	1	1	0	1	1	0	0
BgtCHE96224-51237	E045	10	0	1	1	1	1	1	1	1	1	1	1
BgtCHE96224-51241	E045	9	1	1	1	1	1	1	1	1	1	1	0
BgtCHE96224-51291	E213	10	0	1	1	1	1	1	1	1	1	1	1
BgtCHE96224-E5829	E117	10	0	1	1	1	1	1	1	1	1	1	1
BgtCHE96224-A20203	E001	10	0	1	1	1	1	1	1	1	1	1	1
BgtCHE96224-4373	E144	10	0	1	1	1	1	1	1	1	1	1	1
BgtCHE96224-E5570	E012	9	1	1	1	1	1	1	1	1	1	1	0
BgtCHE96224-E3388	E012	10	0	1	1	1	1	1	1	1	1	1	1
BgtCHE96224-E3888	E012	7	3	1	1	1	1	1	0	0	1	1	0
BgtCHE96224-E6035	E012	10	0	1	1	1	1	1	1	1	1	1	1
BgtCHE96224-ASP21079	E161	10	0	1	1	1	1	1	1	1	1	1	1
BgtCHE96224-55082	E063	9	1	1	1	1	1	1	0	1	1	1	1
BgtCHE96224-E6054	E063	2	8	1	0	0	0	0	1	0	0	0	0
BgtCHE96224-51102	E027	10	0	1	1	1	1	1	1	1	1	1	1
BgtCHE96224-51100	E027	8	2	1	1	1	1	1	0	1	1	1	0
BgtCHE96224-51101	E027	7	3	1	0	1	1	1	1	1	0	0	1
BgtCHE96224-E5575	E027	10	0	1	1	1	1	1	1	1	1	1	1
BgtCHE96224-E6031	E013	10	0	1	1	1	1	1	1	1	1	1	1
BgtCHE96224-51105	E022	10	0	1	1	1	1	1	1	1	1	1	1
BgtCHE96224-51106	E022	6	4	1	0	1	1	0	1	1	1	0	0
BgtCHE96224-51103	E022	1	9	1	0	0	0	0	0	0	0	0	0
BgtCHE96224-4873	E1	10	0	1	1	1	1	1	1	1	1	1	1
BgtCHE96224-E20073	E074	10	0	1	1	1	1	1	1	1	1	1	1
BgtCHE96224-70115	E022	10	0	1	1	1	1	1	1	1	1	1	1
BgtCHE96224-51442	E074	10	0	1	1	1	1	1	1	1	1	1	1
BgtCHE96224-ASP21585	E031	8	2	1	1	1	1	1	1	0	1	1	0
BgtCHE96224-70083	E031	5	5	1	0	1	0	0	1	1	0	0	1
BgtCHE96224-A20593	E031	10	0	1	1	1	1	1	1	1	1	1	1
BgtCHE96224-E5998	E146	10	0	1	1	1	1	1	1	1	1	1	1
BgtCHE96224-51441	E031	8	2	1	0	1	1	1	1	1	1	0	1
BgtCHE96224-A21315	E3	10	0	1	1	1	1	1	1	1	1	1	1
BgtCHE96224-100053	E3	10	0	1	1	1	1	1	1	1	1	1	1
BgtCHE96224-ASP20978	E031	10	0	1	1	1	1	1	1	1	1	1	1
BgtCHE96224-E6014	E007	10	0	1	1	1	1	1	1	1	1	1	1
BgtCHE96224-50186	E001	10	0	1	1	1	1	1	1	1	1	1	1
BgtCHE96224-E5582	E046	10	0	1	1	1	1	1	1	1	1	1	1
BgtCHE96224-E10141	E007	9	1	1	1	1	1	1	1	1	1	1	0
BgtCHE96224-50529	E007	10	0	1	1	1	1	1	1	1	1	1	1
BgtCHE96224-E5689	E007	9	1	1	1	1	1	1	1	1	1	1	0
BgtCHE96224-A20524	E001	10	0	1	1	1	1	1	1	1	1	1	1
BgtCHE96224-1719	E106	10	0	1	1	1	1	1	1	1	1	1	1
BgtCHE96224-70055	E156	10	0	1	1	1	1	1	1	1	1	1	1
BgtCHE96224-4572	E3	10	0	1	1	1	1	1	1	1	1	1	1
BgtCHE96224-E6032	E152	10	0	1	1	1	1	1	1	1	1	1	1
BgtCHE96224-E10006	E001	10	0	1	1	1	1	1	1	1	1	1	1
BgtCHE96224-2905	E119	10	0	1	1	1	1	1	1	1	1	1	1
BgtCHE96224-AcSP30161	E013	10	0	1	1	1	1	1	1	1	1	1	1
BgtCHE96224-E20082	E015	10	0	1	1	1	1	1	1	1	1	1	1
BgtCHE96224-553	E159	10	0	1	1	1	1	1	1	1	1	1	1
BgtCHE96224-E10104	E001	10	0	1	1	1	1	1	1	1	1	1	1
BgtCHE96224-E5992	E001	10	0	1	1	1	1	1	1	1	1	1	1
BgtCHE96224-E5862	E001	10	0	1	1	1	1	1	1	1	1	1	1
BgtCHE96224-55122	E041	10	0	1	1	1	1	1	1	1	1	1	1
BgtCHE96224-2708	E041	10	0	1	1	1	1	1	1	1	1	1	1
BgtCHE96224-50168	E041	10	0	1	1	1	1	1	1	1	1	1	1
BgtCHE96224-AcSP31216	E218	10	0	1	1	1	1	1	1	1	1	1	1
BgtCHE96224-2135	E041	10	0	1	1	1	1	1	1	1	1	1	1
BgtCHE96224-20263	E001	9	1	1	1	1	1	1	1	1	1	1	0
BgtCHE96224-E292	E001	8	2	1	0	1	1	0	1	1	1	1	1
BgtCHE96224-E5721	E001	10	0	1	1	1	1	1	1	1	1	1	1
BgtCHE96224-E5720	E001	1	9	1	0	0	0	0	0	0	0	0	0
BgtCHE96224-E5720-2	E001	6	4	1	1	1	1	1	0	0	0	1	0
BgtCHE96224-AcSP31496	E001	10	0	1	1	1	1	1	1	1	1	1	1
BgtCHE96224-Ac30048	E001	10	0	1	1	1	1	1	1	1	1	1	1
BgtCHE96224-Ac30865	E001	9	1	1	1	1	1	1	1	1	1	1	0
BgtCHE96224-E5722	E012	10	0	1	1	1	1	1	1	1	1	1	1
BgtCHE96224-E5723	E001	10	0	1	1	1	1	1	1	1	1	1	1
BgtCHE96224-E5724	E028	10	0	1	1	1	1	1	1	1	1	1	1
BgtCHE96224-55117	E016	9	1	1	1	1	1	1	1	0	1	1	1
BgtCHE96224-3750	E133	10	0	1	1	1	1	1	1	1	1	1	1
BgtCHE96224-55124	E016	10	0	1	1	1	1	1	1	1	1	1	1
BgtCHE96224-E4463	E001	9	1	1	1	1	1	1	1	1	1	1	0
BgtCHE96224-E20011	E001	10	0	1	1	1	1	1	1	1	1	1	1
BgtCHE96224-55051	E001	10	0	1	1	1	1	1	1	1	1	1	1
BgtCHE96224-AcSP30434	E001	10	0	1	1	1	1	1	1	1	1	1	1
BgtCHE96224-ASP20446	E001	10	0	1	1	1	1	1	1	1	1	1	1
BgtCHE96224-51586	E001	10	0	1	1	1	1	1	1	1	1	1	1
BgtCHE96224-51585	E001	10	0	1	1	1	1	1	1	1	1	1	1
BgtCHE96224-A21577	E001	10	0	1	1	1	1	1	1	1	1	1	1
BgtCHE96224-70086	E001	1	9	1	0	0	0	0	0	0	0	0	0
BgtCHE96224-E20010	E001	1	9	1	0	0	0	0	0	0	0	0	0
BgtCHE96224-70087	E001	9	1	1	1	1	1	1	1	1	1	1	0
BgtCHE96224-70088	E001	10	0	1	1	1	1	1	1	1	1	1	1
BgtCHE96224-Ac31402	E001	10	0	1	1	1	1	1	1	1	1	1	1
BgtCHE96224-50255	E211	10	0	1	1	1	1	1	1	1	1	1	1
BgtCHE96224-3472	E129	10	0	1	1	1	1	1	1	1	1	1	1
BgtCHE96224-5324	E101	10	0	1	1	1	1	1	1	1	1	1	1
BgtCHE96224-E20079	E018	10	0	1	1	1	1	1	1	1	1	1	1
BgtCHE96224-20375	E018	9	1	1	1	1	1	1	1	1	1	1	0
BgtCHE96224-50297	E018	10	0	1	1	1	1	1	1	1	1	1	1
BgtCHE96224-50291	E003	10	0	1	1	1	1	1	1	1	1	1	1
BgtCHE96224-E5858	E007	9	1	1	1	1	1	1	1	1	1	1	0
BgtCHE96224-50876	E036	9	1	1	1	1	1	1	1	1	1	1	0
BgtCHE96224-E4932	E007	10	0	1	1	1	1	1	1	1	1	1	1
BgtCHE96224-E10119	E007	10	0	1	1	1	1	1	1	1	1	1	1
BgtCHE96224-E20116	E007	9	1	1	1	1	1	1	0	1	1	1	1
BgtCHE96224-A21299	E007	9	1	1	1	1	1	1	1	1	1	1	0
BgtCHE96224-70090	E007	9	1	1	1	1	1	1	1	1	1	1	0
BgtCHE96224-E5995	E007	10	0	1	1	1	1	1	1	1	1	1	1
BgtCHE96224-1209	E098	10	0	1	1	1	1	1	1	1	1	1	1
BgtCHE96224-ASP20702	E122	10	0	1	1	1	1	1	1	1	1	1	1
BgtCHE96224-51607	E007	10	0	1	1	1	1	1	1	1	1	1	1
BgtCHE96224-55044	E014	10	0	1	1	1	1	1	1	1	1	1	1
BgtCHE96224-E20006	E008	10	0	1	1	1	1	1	1	1	1	1	1
BgtCHE96224-E20009	E008	9	1	1	1	1	1	1	1	1	1	1	0
BgtCHE96224-ASP20866	E008	9	1	1	1	1	1	1	1	1	1	0	1
BgtCHE96224-E20005	E008	9	1	1	1	1	1	1	1	1	1	0	1
BgtCHE96224-Ac31542	E015	3	7	1	1	0	0	0	0	0	0	1	0
BgtCHE96224-51601	E007	10	0	1	1	1	1	1	1	1	1	1	1
BgtCHE96224-70060	E015	10	0	1	1	1	1	1	1	1	1	1	1
BgtCHE96224-E10140	E007	10	0	1	1	1	1	1	1	1	1	1	1
BgtCHE96224-A20078	E157	10	0	1	1	1	1	1	1	1	1	1	1
BgtCHE96224-E5827	E073	10	0	1	1	1	1	1	1	1	1	1	1
BgtCHE96224-E10142	E005	10	0	1	1	1	1	1	1	1	1	1	1
BgtCHE96224-E40006	E005	10	0	1	1	1	1	1	1	1	1	1	1
BgtCHE96224-51948	E005	9	1	1	1	1	1	1	1	1	1	1	0
BgtCHE96224-51947	E005	9	1	1	1	1	1	1	1	1	1	1	0
BgtCHE96224-E20109	E005	10	0	1	1	1	1	1	1	1	1	1	1
BgtCHE96224-E5791	E005	10	0	1	1	1	1	1	1	1	1	1	1
BgtCHE96224-E5553	E005	10	0	1	1	1	1	1	1	1	1	1	1
BgtCHE96224-E6051	E005	10	0	1	1	1	1	1	1	1	1	1	1
BgtCHE96224-E5584	E001	10	0	1	1	1	1	1	1	1	1	1	1
BgtCHE96224-E5583	E001	10	0	1	1	1	1	1	1	1	1	1	1
BgtCHE96224-E5613	E005	10	0	1	1	1	1	1	1	1	1	1	1
BgtCHE96224-E5782	E001	10	0	1	1	1	1	1	1	1	1	1	1
BgtCHE96224-51941-2	E005	10	0	1	1	1	1	1	1	1	1	1	1
BgtCHE96224-51941	E005	2	8	1	0	0	0	0	0	0	0	0	1
BgtCHE96224-E40003	E005	9	1	1	1	1	1	1	1	1	1	0	1
BgtCHE96224-E5548	E005	10	0	1	1	1	1	1	1	1	1	1	1
BgtCHE96224-51637	E005	10	0	1	1	1	1	1	1	1	1	1	1
BgtCHE96224-51638	E005	2	8	1	0	0	0	0	0	0	0	1	0
BgtCHE96224-51636	E005	3	7	1	0	0	0	0	1	0	0	1	0
BgtCHE96224-E5561	E005	10	0	1	1	1	1	1	1	1	1	1	1
BgtCHE96224-80345	E016	10	0	1	1	1	1	1	1	1	1	1	1
BgtCHE96224-4322	E142	10	0	1	1	1	1	1	1	1	1	1	1
BgtCHE96224-1066	E097	10	0	1	1	1	1	1	1	1	1	1	1
BgtCHE96224-55123	E016	10	0	1	1	1	1	1	1	1	1	1	1
BgtCHE96224-Ac30054	E001	10	0	1	1	1	1	1	1	1	1	1	1
BgtCHE96224-80601	E016	10	0	1	1	1	1	1	1	1	1	1	1
BgtCHE96224-AcSP30056	E035	10	0	1	1	1	1	1	1	1	1	1	1
BgtCHE96224-4746	E072	10	0	1	1	1	1	1	1	1	1	1	1
BgtCHE96224-E5982	E136	10	0	1	1	1	1	1	1	1	1	1	1
BgtCHE96224-55083	E041	10	0	1	1	1	1	1	1	1	1	1	1
BgtCHE96224-E5600	E162	10	0	1	1	1	1	1	1	1	1	1	1
BgtCHE96224-E10024	E035	1	9	1	0	0	0	0	0	0	0	0	0
BgtCHE96224-70116	E035	10	0	1	1	1	1	1	1	1	1	1	1
BgtCHE96224-50406	E035	10	0	1	1	1	1	1	1	1	1	1	1
BgtCHE96224-E5985	E138	10	0	1	1	1	1	1	1	1	1	1	1
BgtCHE96224-AcSP30893	E035	10	0	1	1	1	1	1	1	1	1	1	1
BgtCHE96224-E20024	E035	10	0	1	1	1	1	1	1	1	1	1	1
BgtCHE96224-50404	E035	10	0	1	1	1	1	1	1	1	1	1	1
BgtCHE96224-E5603	E083	10	0	1	1	1	1	1	1	1	1	1	1
BgtCHE96224-E5604	E035	10	0	1	1	1	1	1	1	1	1	1	1
BgtCHE96224-AcSP30775	E035	10	0	1	1	1	1	1	1	1	1	1	1
BgtCHE96224-50401	E083	10	0	1	1	1	1	1	1	1	1	1	1
BgtCHE96224-1257	E099	10	0	1	1	1	1	1	1	1	1	1	1
BgtCHE96224-E5560	E094	10	0	1	1	1	1	1	1	1	1	1	1
BgtCHE96224-E5728	E001	10	0	1	1	1	1	1	1	1	1	1	1
BgtCHE96224-Ac31483	E015	10	0	1	1	1	1	1	1	1	1	1	1
BgtCHE96224-3948	E064	10	0	1	1	1	1	1	1	1	1	1	1
BgtCHE96224-E5966	E004	9	1	1	1	1	1	1	1	1	1	1	0
BgtCHE96224-avrF216	E018	9	1	1	1	1	1	1	1	1	1	1	0
BgtCHE96224-51827	E003	9	1	1	1	1	1	1	1	1	1	1	0
BgtCHE96224-80577	E003	7	3	1	1	1	1	1	0	1	0	1	0
BgtCHE96224-1644	E1	10	0	1	1	1	1	1	1	1	1	1	1
BgtCHE96224-80363	E003	6	4	1	1	1	1	0	1	0	0	0	1
BgtCHE96224-E20012	E001	9	1	1	1	1	1	1	0	1	1	1	1
BgtCHE96224-51832	E001	7	3	1	0	0	0	1	1	1	1	1	1
BgtCHE96224-20668	E073	10	0	1	1	1	1	1	1	1	1	1	1
BgtCHE96224-E6004	E001	10	0	1	1	1	1	1	1	1	1	1	1
BgtCHE96224-E2438	E063	10	0	1	1	1	1	1	1	1	1	1	1
BgtCHE96224-E5571	E012	10	0	1	1	1	1	1	1	1	1	1	1
BgtCHE96224-E10108	E181	10	0	1	1	1	1	1	1	1	1	1	1
BgtCHE96224-E5963	E134	10	0	1	1	1	1	1	1	1	1	1	1
BgtCHE96224-Ac30747	E001	10	0	1	1	1	1	1	1	1	1	1	1
BgtCHE96224-A21045	E007	10	0	1	1	1	1	1	1	1	1	1	1
BgtCHE96224-E10125	E007	9	1	1	1	1	1	1	1	0	1	1	1
BgtCHE96224-E3602	E003	10	0	1	1	1	1	1	1	1	1	1	1
BgtCHE96224-E20110	E007	10	0	1	1	1	1	1	1	1	1	1	1
BgtCHE96224-901	E095	10	0	1	1	1	1	1	1	1	1	1	1
BgtCHE96224-1611	E105	10	0	1	1	1	1	1	1	1	1	1	1
BgtCHE96224-E20090	E014	10	0	1	1	1	1	1	1	1	1	1	1
BgtCHE96224-50847	E003	10	0	1	1	1	1	1	1	1	1	1	1
BgtCHE96224-E20030	E003	10	0	1	1	1	1	1	1	1	1	1	1
BgtCHE96224-50246	E014	9	1	1	1	1	1	1	1	1	1	1	0
BgtCHE96224-50249	E003	9	1	1	1	1	1	1	0	1	1	1	1
BgtCHE96224-50245	E003	9	1	1	1	1	1	1	1	1	1	1	0
BgtCHE96224-AcSP30541	E003	9	1	1	1	1	1	1	1	1	1	1	0
BgtCHE96224-50250	E003	9	1	1	1	1	1	1	1	1	1	1	0
BgtCHE96224-E20029	E003	10	0	1	1	1	1	1	1	1	1	1	1
BgtCHE96224-50253	E003	9	1	1	1	1	1	1	1	1	1	1	0
BgtCHE96224-50254	E003	9	1	1	1	1	1	1	1	1	1	1	0
BgtCHE96224-50251	E003	9	1	1	1	1	1	1	1	1	1	1	0
BgtCHE96224-E20048	E003	5	5	1	1	0	1	1	0	1	0	0	0
BgtCHE96224-55141	E003	10	0	1	1	1	1	1	1	1	1	1	1
BgtCHE96224-E10109	E003	9	1	1	1	1	1	1	1	1	1	1	0
BgtCHE96224-E20124	E003	9	1	1	1	1	1	1	1	1	1	1	0
BgtCHE96224-E20124-2	E003	10	0	1	1	1	1	1	1	1	1	1	1
BgtCHE96224-51743	E003	3	7	1	0	1	1	0	0	0	0	0	0
BgtCHE96224-51742	E003	10	0	1	1	1	1	1	1	1	1	1	1
BgtCHE96224-E20036	E003	7	3	1	1	0	1	1	1	0	1	1	0
BgtCHE96224-E20027	E003	10	0	1	1	1	1	1	1	1	1	1	1
BgtCHE96224-51741	E003	10	0	1	1	1	1	1	1	1	1	1	1
BgtCHE96224-E5891	E003	10	0	1	1	1	1	1	1	1	1	1	1
BgtCHE96224-55106	E018	10	0	1	1	1	1	1	1	1	1	1	1
BgtCHE96224-E20044	E003	9	1	1	1	1	1	1	1	1	1	1	0
BgtCHE96224-E20031	E003	8	2	1	1	1	1	1	0	1	1	1	0
BgtCHE96224-E5783	E003	9	1	1	1	1	1	1	1	1	1	1	0
BgtCHE96224-70030	E003	9	1	1	1	1	1	1	1	1	1	1	0
BgtCHE96224-55097	E003	9	1	1	1	1	1	1	1	1	1	1	0
BgtCHE96224-E20032	E003	10	0	1	1	1	1	1	1	1	1	1	1
BgtCHE96224-51739	E003	10	0	1	1	1	1	1	1	1	1	1	1
BgtCHE96224-70063	E007	9	1	1	1	1	1	1	1	1	1	1	0
BgtCHE96224-70094	E001	1	9	1	0	0	0	0	0	0	0	0	0
BgtCHE96224-70032	E048	10	0	1	1	1	1	1	1	1	1	1	1
